CASE
NUM 2
MVP -0.028295584165478553 0.24774317368035226 0.18704500613190037 -0.010142633233977523 -0.10449380740817209 0.29362688537681353 0.29846921483408273 0.05161796332491098 -0.10449380740817207 0.15679816589411086 0.4352979343167852 0.25624885359863814 6.473710456589288e-17 -1.6653345369377348e-16 -1.6653345369377348e-16 1.0000999999999998 -0.028295584165478553 0.24774317368035226 0.18704500613190037 -0.010142633233977523 -0.10449380740817209 0.29362688537681353 0.29846921483408273 0.05161796332491098 -0.10449380740817207 0.15679816589411086 0.4352979343167852 0.25624885359863814 6.473710456589288e-17 -1.6653345369377348e-16 -1.6653345369377348e-16 1.0000999999999998
BEP 0.1667 0.0 0.0 0.0 3.333333333332966e-05 0.16666666666666666 0.16666666666666666 0.05556666666666666 3.333333333330191e-05 0.0 0.33333333333333337 0.3333666666666667 2.7755575615628914e-17 0.0 0.0 1.0001 0.1667 0.0 0.0 0.0 3.333333333332966e-05 0.16666666666666666 0.16666666666666666 0.05556666666666666 3.333333333330191e-05 0.0 0.33333333333333337 0.3333666666666667 2.7755575615628914e-17 0.0 0.0 1.0001
MVV -0.07735026889434271 0.16666666649618508 1.077350268894343 -0.07735026889434272 0.5000000000000002 1.077350268894343 1.0 1.0000000000000002 1.0000000000000004 -0.07735026889434271 0.16666666649618508 1.077350268894343 -0.07735026889434272 0.5000000000000002 1.077350268894343 1.0 1.0000000000000002 1.0000000000000004
MVA -0.0 1.0 1.0 1.0 -0.0 1.0 1.0 1.0
ABS -0.1667 0.5 -0.5 0.1667 0.5 -1.0 0.0 0.6667 -0.5 0.5 0.5 0.1667 0.1667 0.0 0.0 0.0 -0.1667 0.5 -0.5 0.1667 0.5 -1.0 0.0 0.6667 -0.5 0.5 0.5 0.1667 0.1667 0.0 0.0 0.0
END
CASE
NUM 3
MVP -0.028295584165478553 0.24774317368035226 0.18704500613190037 -0.010142633233977523 -0.10449380740817209 0.29362688537681353 0.29846921483408273 0.05161796332491098 -0.10449380740817207 0.15679816589411086 0.4352979343167852 0.25624885359863814 6.473710456589288e-17 -1.6653345369377348e-16 -1.6653345369377348e-16 1.0000999999999998 -0.028295584165478553 0.24774317368035226 0.18704500613190037 -0.010142633233977523 -0.10449380740817209 0.29362688537681353 0.29846921483408273 0.05161796332491098 -0.10449380740817207 0.15679816589411086 0.4352979343167852 0.25624885359863814 6.473710456589288e-17 -1.6653345369377348e-16 -1.6653345369377348e-16 1.0000999999999998 -0.028295584165478553 0.24774317368035226 0.18704500613190037 -0.010142633233977523 -0.10449380740817209 0.29362688537681353 0.29846921483408273 0.05161796332491098 -0.10449380740817207 0.15679816589411086 0.4352979343167852 0.25624885359863814 6.473710456589288e-17 -1.6653345369377348e-16 -1.6653345369377348e-16 1.0000999999999998
BEP 0.1667 0.0 0.0 0.0 3.333333333332966e-05 0.16666666666666666 0.16666666666666666 0.05556666666666666 3.333333333330191e-05 0.0 0.33333333333333337 0.3333666666666667 2.7755575615628914e-17 0.0 0.0 1.0001 0.1667 0.0 0.0 0.0 3.333333333332966e-05 0.16666666666666666 0.16666666666666666 0.05556666666666666 3.333333333330191e-05 0.0 0.33333333333333337 0.3333666666666667 2.7755575615628914e-17 0.0 0.0 1.0001 0.1667 0.0 0.0 0.0 3.333333333332966e-05 0.16666666666666666 0.16666666666666666 0.05556666666666666 3.333333333330191e-05 0.0 0.33333333333333337 0.3333666666666667 2.7755575615628914e-17 0.0 0.0 1.0001
MVV -0.07735026889434271 0.16666666649618508 1.077350268894343 -0.07735026889434272 0.5000000000000002 1.077350268894343 1.0 1.0000000000000002 1.0000000000000004 -0.07735026889434271 0.16666666649618508 1.077350268894343 -0.07735026889434272 0.5000000000000002 1.077350268894343 1.0 1.0000000000000002 1.0000000000000004 -0.07735026889434271 0.16666666649618508 1.077350268894343 -0.07735026889434272 0.5000000000000002 1.077350268894343 1.0 1.0000000000000002 1.0000000000000004
MVA -0.0 1.0 1.0 1.0 -0.0 1.0 1.0 1.0 -0.0 1.0 1.0 1.0
ABS -0.1667 0.5 -0.5 0.1667 0.5 -1.0 0.0 0.6667 -0.5 0.5 0.5 0.1667 0.1667 0.0 0.0 0.0 -0.1667 0.5 -0.5 0.1667 0.5 -1.0 0.0 0.6667 -0.5 0.5 0.5 0.1667 0.1667 0.0 0.0 0.0 -0.1667 0.5 -0.5 0.1667 0.5 -1.0 0.0 0.6667 -0.5 0.5 0.5 0.1667 0.1667 0.0 0.0 0.0
END
CASE
NUM 4
MVP -0.26005160171136915 0.8342767723637347 -0.1820945026453557 -0.0320327666971305 -0.34718513922931016 0.8736171619445368 0.014526988371807596 -0.051114942455688 -0.11914639533943791 0.052644845048320954 0.8354993052680231 -0.07454781852812224 2.0351498264403746e-16 -4.996003610813204e-16 0.0 1.0 -0.033351741522264604 0.26291771556746524 0.17187046424478739 -0.005077202783766922 -0.1040904413643816 0.2924163030124962 0.2996797971984 0.05121922454242029 -0.0812947766985633 0.08717322378844228 0.5049228764224538 0.2330294276940399 6.473710456589288e-17 -1.6653345369377348e-16 -1.6653345369377348e-16 1.0 0.035035252475190154 0.24774317368035226 0.18704500613190037 -0.010142633233977523 -0.058499112032745104 0.29362688537681353 0.29846921483408273 0.05161796332491098 -0.08129477669856333 0.15679816589411086 0.4352979343167852 0.25624885359863814 0.0 -1.6653345369377348e-16 -1.6653345369377348e-16 1.0000999999999998 0.4240646299582471 0.3564402186334154 0.29574205108496354 0.026084495237807682 0.10889234855043395 0.4416509104295376 0.4464932398868068 0.10094419573377847 -0.11914639533943805 0.30482219094683494 0.5833219593695093 0.30555006355121633 -2.220446049250313e-16 -2.498001805406602e-16 -2.498001805406602e-16 0.9999999999999999
BEP 0.1667 0.0 0.0 0.0 -0.13886666666666667 0.5 0.0 0.0 0.13889999999999997 -0.5000000000000001 1.0 0.0 2.7755575615628914e-17 0.0 0.0 1.0 0.1667 0.0 0.0 0.0 3.333333333332966e-05 0.16666666666666666 0.16666666666666666 0.05556666666666666 0.02779999999999999 -0.08333333333333337 0.41666666666666674 0.3055666666666667 2.7755575615628914e-17 0.0 0.0 1.0 0.25 0.0 0.0 0.0 0.05556666666666665 0.16666666666666666 0.16666666666666666 0.05556666666666666 0.027799999999999936 0.0 0.33333333333333337 0.3333666666666667 0.0 0.0 0.0 1.0001 1.0 0.0 0.0 0.0 0.41666666666666674 0.25 0.25 0.08333333333333333 0.1388999999999999 0.08333333333333331 0.41666666666666674 0.3611000000000001 0.0 0.0 0.0 1.0
MVV -0.07735026889434271 0.16666666649618508 1.077350268894343 -0.07735026889434272 0.5000000000000002 1.077350268894343 1.0 1.0000000000000002 1.0000000000000004 -0.07735026889434271 0.16666666649618508 1.077350268894343 -0.07735026889434272 0.5000000000000002 1.077350268894343 1.0 1.0000000000000002 1.0000000000000004 -0.07735026889434271 0.16666666649618508 1.077350268894343 -0.07735026889434272 0.5000000000000002 1.077350268894343 1.0 1.0000000000000002 1.0000000000000004 -0.07735026889434271 0.16666666649618508 1.077350268894343 -0.07735026889434272 0.5000000000000002 1.077350268894343 1.0 1.0000000000000002 1.0000000000000004
MVA -0.0 1.0 1.0 1.0 -0.0 1.0 1.0 1.0 -0.0 1.0 1.0 1.0 -0.0 1.0 1.0 1.0
ABS -1.0 3.0 -3.0 1.0 1.75 -4.5 3.0 0.0 -0.9167 1.5 0.0 0.0 0.1667 0.0 0.0 0.0 -0.25 0.75 -0.75 0.25 0.5833 -1.25 0.25 0.5833 -0.5 0.5 0.5 0.1667 0.1667 0.0 0.0 0.0 -0.1667 0.5 -0.5 0.1667 0.5 -1.0 0.0 0.6667 -0.5833 0.5 0.5 0.1667 0.25 0.0 0.0 0.0 -0.1667 0.5 -0.5 0.1667 0.9167 -1.25 -0.25 0.5833 -1.75 0.75 0.75 0.25 1.0 0.0 0.0 0.0
END
CASE
NUM 5
MVP -0.26005160171136915 0.8342767723637347 -0.1820945026453557 -0.0320327666971305 -0.34718513922931016 0.8736171619445368 0.014526988371807596 -0.051114942455688 -0.11914639533943791 0.052644845048320954 0.8354993052680231 -0.07454781852812224 2.0351498264403746e-16 -4.996003610813204e-16 0.0 1.0 -0.033351741522264604 0.26291771556746524 0.17187046424478739 -0.005077202783766922 -0.1040904413643816 0.2924163030124962 0.2996797971984 0.05121922454242029 -0.0812947766985633 0.08717322378844228 0.5049228764224538 0.2330294276940399 6.473710456589288e-17 -1.6653345369377348e-16 -1.6653345369377348e-16 1.0 -0.028295584165478553 0.24774317368035226 0.18704500613190037 -0.010142633233977523 -0.10449380740817209 0.29362688537681353 0.29846921483408273 0.05161796332491098 -0.10449380740817207 0.15679816589411086 0.4352979343167852 0.25624885359863814 6.473710456589288e-17 -1.6653345369377348e-16 -1.6653345369377348e-16 1.0000999999999998 0.035035252475190154 0.24774317368035226 0.18704500613190037 -0.010142633233977523 -0.058499112032745104 0.29362688537681353 0.29846921483408273 0.05161796332491098 -0.08129477669856333 0.15679816589411086 0.4352979343167852 0.25624885359863814 0.0 -1.6653345369377348e-16 -1.6653345369377348e-16 1.0000999999999998 0.4240646299582471 0.3564402186334154 0.29574205108496354 0.026084495237807682 0.10889234855043395 0.4416509104295376 0.4464932398868068 0.10094419573377847 -0.11914639533943805 0.30482219094683494 0.5833219593695093 0.30555006355121633 -2.220446049250313e-16 -2.498001805406602e-16 -2.498001805406602e-16 0.9999999999999999
BEP 0.1667 0.0 0.0 0.0 -0.13886666666666667 0.5 0.0 0.0 0.13889999999999997 -0.5000000000000001 1.0 0.0 2.7755575615628914e-17 0.0 0.0 1.0 0.1667 0.0 0.0 0.0 3.333333333332966e-05 0.16666666666666666 0.16666666666666666 0.05556666666666666 0.02779999999999999 -0.08333333333333337 0.41666666666666674 0.3055666666666667 2.7755575615628914e-17 0.0 0.0 1.0 0.1667 0.0 0.0 0.0 3.333333333332966e-05 0.16666666666666666 0.16666666666666666 0.05556666666666666 3.333333333330191e-05 0.0 0.33333333333333337 0.3333666666666667 2.7755575615628914e-17 0.0 0.0 1.0001 0.25 0.0 0.0 0.0 0.05556666666666665 0.16666666666666666 0.16666666666666666 0.05556666666666666 0.027799999999999936 0.0 0.33333333333333337 0.3333666666666667 0.0 0.0 0.0 1.0001 1.0 0.0 0.0 0.0 0.41666666666666674 0.25 0.25 0.08333333333333333 0.1388999999999999 0.08333333333333331 0.41666666666666674 0.3611000000000001 0.0 0.0 0.0 1.0
MVV -0.07735026889434271 0.16666666649618508 1.077350268894343 -0.07735026889434272 0.5000000000000002 1.077350268894343 1.0 1.0000000000000002 1.0000000000000004 -0.07735026889434271 0.16666666649618508 1.077350268894343 -0.07735026889434272 0.5000000000000002 1.077350268894343 1.0 1.0000000000000002 1.0000000000000004 -0.07735026889434271 0.16666666649618508 1.077350268894343 -0.07735026889434272 0.5000000000000002 1.077350268894343 1.0 1.0000000000000002 1.0000000000000004 -0.07735026889434271 0.16666666649618508 1.077350268894343 -0.07735026889434272 0.5000000000000002 1.077350268894343 1.0 1.0000000000000002 1.0000000000000004 -0.07735026889434271 0.16666666649618508 1.077350268894343 -0.07735026889434272 0.5000000000000002 1.077350268894343 1.0 1.0000000000000002 1.0000000000000004
MVA -0.0 1.0 1.0 1.0 -0.0 1.0 1.0 1.0 -0.0 1.0 1.0 1.0 -0.0 1.0 1.0 1.0 -0.0 1.0 1.0 1.0
ABS -1.0 3.0 -3.0 1.0 1.75 -4.5 3.0 0.0 -0.9167 1.5 0.0 0.0 0.1667 0.0 0.0 0.0 -0.25 0.75 -0.75 0.25 0.5833 -1.25 0.25 0.5833 -0.5 0.5 0.5 0.1667 0.1667 0.0 0.0 0.0 -0.1667 0.5 -0.5 0.1667 0.5 -1.0 0.0 0.6667 -0.5 0.5 0.5 0.1667 0.1667 0.0 0.0 0.0 -0.1667 0.5 -0.5 0.1667 0.5 -1.0 0.0 0.6667 -0.5833 0.5 0.5 0.1667 0.25 0.0 0.0 0.0 -0.1667 0.5 -0.5 0.1667 0.9167 -1.25 -0.25 0.5833 -1.75 0.75 0.75 0.25 1.0 0.0 0.0 0.0
END
CASE
NUM 7
MVP -0.26005160171136915 0.8342767723637347 -0.1820945026453557 -0.0320327666971305 -0.34718513922931016 0.8736171619445368 0.014526988371807596 -0.051114942455688 -0.11914639533943791 0.052644845048320954 0.8354993052680231 -0.07454781852812224 2.0351498264403746e-16 -4.996003610813204e-16 0.0 1.0 -0.033351741522264604 0.26291771556746524 0.17187046424478739 -0.005077202783766922 -0.1040904413643816 0.2924163030124962 0.2996797971984 0.05121922454242029 -0.0812947766985633 0.08717322378844228 0.5049228764224538 0.2330294276940399 6.473710456589288e-17 -1.6653345369377348e-16 -1.6653345369377348e-16 1.0 -0.028295584165478553 0.24774317368035226 0.18704500613190037 -0.010142633233977523 -0.10449380740817209 0.29362688537681353 0.29846921483408273 0.05161796332491098 -0.10449380740817207 0.15679816589411086 0.4352979343167852 0.25624885359863814 6.473710456589288e-17 -1.6653345369377348e-16 -1.6653345369377348e-16 1.0000999999999998 -0.028295584165478553 0.24774317368035226 0.18704500613190037 -0.010142633233977523 -0.10449380740817209 0.29362688537681353 0.29846921483408273 0.05161796332491098 -0.10449380740817207 0.15679816589411086 0.4352979343167852 0.25624885359863814 6.473710456589288e-17 -1.6653345369377348e-16 -1.6653345369377348e-16 1.0000999999999998 -0.028295584165478553 0.24774317368035226 0.18704500613190037 -0.010142633233977523 -0.10449380740817209 0.29362688537681353 0.29846921483408273 0.05161796332491098 -0.10449380740817207 0.15679816589411086 0.4352979343167852 0.25624885359863814 6.473710456589288e-17 -1.6653345369377348e-16 -1.6653345369377348e-16 1.0000999999999998 0.035035252475190154 0.24774317368035226 0.18704500613190037 -0.010142633233977523 -0.058499112032745104 0.29362688537681353 0.29846921483408273 0.05161796332491098 -0.08129477669856333 0.15679816589411086 0.4352979343167852 0.25624885359863814 0.0 -1.6653345369377348e-16 -1.6653345369377348e-16 1.0000999999999998 0.4240646299582471 0.3564402186334154 0.29574205108496354 0.026084495237807682 0.10889234855043395 0.4416509104295376 0.4464932398868068 0.10094419573377847 -0.11914639533943805 0.30482219094683494 0.5833219593695093 0.30555006355121633 -2.220446049250313e-16 -2.498001805406602e-16 -2.498001805406602e-16 0.9999999999999999
BEP 0.1667 0.0 0.0 0.0 -0.13886666666666667 0.5 0.0 0.0 0.13889999999999997 -0.5000000000000001 1.0 0.0 2.7755575615628914e-17 0.0 0.0 1.0 0.1667 0.0 0.0 0.0 3.333333333332966e-05 0.16666666666666666 0.16666666666666666 0.05556666666666666 0.02779999999999999 -0.08333333333333337 0.41666666666666674 0.3055666666666667 2.7755575615628914e-17 0.0 0.0 1.0 0.1667 0.0 0.0 0.0 3.333333333332966e-05 0.16666666666666666 0.16666666666666666 0.05556666666666666 3.333333333330191e-05 0.0 0.33333333333333337 0.3333666666666667 2.7755575615628914e-17 0.0 0.0 1.0001 0.1667 0.0 0.0 0.0 3.333333333332966e-05 0.16666666666666666 0.16666666666666666 0.05556666666666666 3.333333333330191e-05 0.0 0.33333333333333337 0.3333666666666667 2.7755575615628914e-17 0.0 0.0 1.0001 0.1667 0.0 0.0 0.0 3.333333333332966e-05 0.16666666666666666 0.16666666666666666 0.05556666666666666 3.333333333330191e-05 0.0 0.33333333333333337 0.3333666666666667 2.7755575615628914e-17 0.0 0.0 1.0001 0.25 0.0 0.0 0.0 0.05556666666666665 0.16666666666666666 0.16666666666666666 0.05556666666666666 0.027799999999999936 0.0 0.33333333333333337 0.3333666666666667 0.0 0.0 0.0 1.0001 1.0 0.0 0.0 0.0 0.41666666666666674 0.25 0.25 0.08333333333333333 0.1388999999999999 0.08333333333333331 0.41666666666666674 0.3611000000000001 0.0 0.0 0.0 1.0
MVV -0.07735026889434271 0.16666666649618508 1.077350268894343 -0.07735026889434272 0.5000000000000002 1.077350268894343 1.0 1.0000000000000002 1.0000000000000004 -0.07735026889434271 0.16666666649618508 1.077350268894343 -0.07735026889434272 0.5000000000000002 1.077350268894343 1.0 1.0000000000000002 1.0000000000000004 -0.07735026889434271 0.16666666649618508 1.077350268894343 -0.07735026889434272 0.5000000000000002 1.077350268894343 1.0 1.0000000000000002 1.0000000000000004 -0.07735026889434271 0.16666666649618508 1.077350268894343 -0.07735026889434272 0.5000000000000002 1.077350268894343 1.0 1.0000000000000002 1.0000000000000004 -0.07735026889434271 0.16666666649618508 1.077350268894343 -0.07735026889434272 0.5000000000000002 1.077350268894343 1.0 1.0000000000000002 1.0000000000000004 -0.07735026889434271 0.16666666649618508 1.077350268894343 -0.07735026889434272 0.5000000000000002 1.077350268894343 1.0 1.0000000000000002 1.0000000000000004 -0.07735026889434271 0.16666666649618508 1.077350268894343 -0.07735026889434272 0.5000000000000002 1.077350268894343 1.0 1.0000000000000002 1.0000000000000004
MVA -0.0 1.0 1.0 1.0 -0.0 1.0 1.0 1.0 -0.0 1.0 1.0 1.0 -0.0 1.0 1.0 1.0 -0.0 1.0 1.0 1.0 -0.0 1.0 1.0 1.0 -0.0 1.0 1.0 1.0
ABS -1.0 3.0 -3.0 1.0 1.75 -4.5 3.0 0.0 -0.9167 1.5 0.0 0.0 0.1667 0.0 0.0 0.0 -0.25 0.75 -0.75 0.25 0.5833 -1.25 0.25 0.5833 -0.5 0.5 0.5 0.1667 0.1667 0.0 0.0 0.0 -0.1667 0.5 -0.5 0.1667 0.5 -1.0 0.0 0.6667 -0.5 0.5 0.5 0.1667 0.1667 0.0 0.0 0.0 -0.1667 0.5 -0.5 0.1667 0.5 -1.0 0.0 0.6667 -0.5 0.5 0.5 0.1667 0.1667 0.0 0.0 0.0 -0.1667 0.5 -0.5 0.1667 0.5 -1.0 0.0 0.6667 -0.5 0.5 0.5 0.1667 0.1667 0.0 0.0 0.0 -0.1667 0.5 -0.5 0.1667 0.5 -1.0 0.0 0.6667 -0.5833 0.5 0.5 0.1667 0.25 0.0 0.0 0.0 -0.1667 0.5 -0.5 0.1667 0.9167 -1.25 -0.25 0.5833 -1.75 0.75 0.75 0.25 1.0 0.0 0.0 0.0
END
