SPLINE
P 1
DT 0.968535022850521
NCTRL 4
CTRL -0.6654254330828078 2.461561919146728 -1.8086137934146018 2.5262362505895943 -3.13893548771929 -0.5087803646031714 2.710657732369807 -2.4106819192803757 -1.5787390590623502 -1.254765862565164 -2.305054773211439 3.3667940827759573
TSTART 0.0
TEND 2.905605068551563
K 30
TS 0.0 0.10019327822591596 0.20038655645183193 0.3005798346777479 0.40077311290366385 0.5009663911295799 0.6011596693554958 0.7013529475814118 0.8015462258073277 0.9017395040332437 1.0019327822591597 1.1021260604850756 1.2023193387109916 1.3025126169369075 1.4027058951628235 1.5028991733887394 1.6030924516146554 1.7032857298405715 1.8034790080664873 1.9036722862924034 2.0038655645183194 2.104058842744235 2.204252120970151 2.304445399196067 2.4046386774219832 2.5048319556478993 2.605025233873815 2.705218512099731 2.805411790325647 2.905605068551563
E0 -0.6654254330828078 2.461561919146728 -1.8086137934146018 -0.3352535347718696 1.8822001184364503 -1.674148266296178 -0.005081636460931516 1.3028383177261729 -1.5396827391777541 0.32509026185000667 0.7234765170158951 -1.4052172120593305 0.6552621601609447 0.14411471630561756 -1.2707516849409066 0.9854340584718831 -0.43524708440466076 -1.1362861578224825 1.315605956782821 -1.0146088851149382 -1.0018206307040587 1.6457778550937592 -1.5939706858252158 -0.8673551035856351 1.9759497534046975 -2.1733324865354935 -0.7328895764672112 2.3061216517156353 -2.7526942872457716 -0.5984240493487873 2.5325956120302915 -3.113823295704155 -0.5456754919983157 2.5516736963523825 -3.03848671965875 -0.6563608741837478 2.5707517806744735 -2.9631501436133454 -0.7670462563691802 2.589829864996564 -2.8878135675679397 -0.8777316385546123 2.608907949318655 -2.8124769915225354 -0.9884170207400448 2.627986033640746 -2.73714041547713 -1.0991024029254768 2.647064117962837 -2.6618038394317254 -1.2097877851109096 2.666142202284928 -2.5864672633863206 -1.3204731672963417 2.6852202866070187 -2.5111306873409154 -1.4311585494817738 2.70429837092911 -2.4357941112955106 -1.5418439316672063 2.4371802430639455 -2.403397288517001 -1.2376678079010865 2.0269640091051575 -2.3924703423719382 -0.7260609311591946 1.616747775146367 -2.381543396226876 -0.21445405441730048 1.2065315411875766 -2.3706164500818137 0.29715282232459383 0.7963153072287861 -2.3596895039367514 0.8087596990664881 0.3860990732699957 -2.3487625577916886 1.3203665758083825 -0.02411716068879266 -2.3378356116466263 1.8319734525502742 -0.434333394647583 -2.326908665501564 2.3435803292921684 -0.8445496286063735 -2.3159817193565018 2.855187206034063 -1.254765862565164 -2.305054773211439 3.3667940827759573
E1 3.2953497894985135 -5.782441806165198 1.3420613587992476 3.2953497894985135 -5.782441806165198 1.3420613587992476 3.2953497894985135 -5.782441806165198 1.3420613587992476 3.2953497894985135 -5.782441806165198 1.3420613587992476 3.2953497894985135 -5.782441806165198 1.3420613587992476 3.2953497894985135 -5.782441806165198 1.3420613587992476 3.2953497894985135 -5.782441806165198 1.3420613587992476 3.2953497894985135 -5.782441806165198 1.3420613587992476 3.2953497894985135 -5.782441806165198 1.3420613587992476 3.2953497894985135 -5.782441806165198 1.3420613587992476 0.19041281670686191 0.7519124773573721 -1.1047186412631267 0.19041281670686191 0.7519124773573721 -1.1047186412631267 0.19041281670686191 0.7519124773573721 -1.1047186412631267 0.19041281670686191 0.7519124773573721 -1.1047186412631267 0.19041281670686191 0.7519124773573721 -1.1047186412631267 0.19041281670686191 0.7519124773573721 -1.1047186412631267 0.19041281670686191 0.7519124773573721 -1.1047186412631267 0.19041281670686191 0.7519124773573721 -1.1047186412631267 0.19041281670686191 0.7519124773573721 -1.1047186412631267 0.19041281670686191 0.7519124773573721 -1.1047186412631267 -4.094249047663995 0.10905867477880418 5.106199595429166 -4.094249047663995 0.10905867477880418 5.106199595429166 -4.094249047663995 0.10905867477880418 5.106199595429166 -4.094249047663995 0.10905867477880418 5.106199595429166 -4.094249047663995 0.10905867477880418 5.106199595429166 -4.094249047663995 0.10905867477880418 5.106199595429166 -4.094249047663995 0.10905867477880418 5.106199595429166 -4.094249047663995 0.10905867477880418 5.106199595429166 -4.094249047663995 0.10905867477880418 5.106199595429166 -4.094249047663995 0.10905867477880418 5.106199595429166
E2 0.0 0.0 0.0 0.0 0.0 0.0 0.0 0.0 0.0 0.0 0.0 0.0 0.0 0.0 0.0 0.0 0.0 0.0 0.0 0.0 0.0 0.0 0.0 0.0 0.0 0.0 0.0 0.0 0.0 0.0 0.0 0.0 0.0 0.0 0.0 0.0 0.0 0.0 0.0 0.0 0.0 0.0 0.0 0.0 0.0 0.0 0.0 0.0 0.0 0.0 0.0 0.0 0.0 0.0 0.0 0.0 0.0 0.0 0.0 0.0 0.0 0.0 0.0 0.0 0.0 0.0 0.0 0.0 0.0 0.0 0.0 0.0 0.0 0.0 0.0 0.0 0.0 0.0 0.0 0.0 0.0 0.0 0.0 0.0 0.0 0.0 0.0 0.0 0.0 0.0
NBN 6
NBT 1e-06 0.5811216137103126 1.162242227420625 1.7433628411309374 2.3244834548412503 2.905604068551563
NBSPAN 1.0 1.0 2.0 2.0 3.0 3.0
NBVAL 0.9999989675128144 1.0324871857053487e-06 0.39999938050768863 0.6000006194923114 0.7999997935025631 0.200000206497437 0.20000020649743747 0.7999997935025627 0.6000006194923115 0.3999993805076885 1.0324871858496675e-06 0.9999989675128143
END
SPLINE
P 2
DT 0.4813204723861212
NCTRL 4
CTRL 2.765622638033469 0.27609186483393167 -2.012330526697407 -1.8860566038030342 3.5722942627469214 -2.3243565844198306 -3.921927330513089 1.0074763634257238 -1.2861622513949582 -0.29643605293051944 -2.946227050841828 -0.09987901208835304
TSTART 0.0
TEND 0.9626409447722424
K 30
TS 0.0 0.03319451533697387 0.06638903067394775 0.09958354601092162 0.1327780613478955 0.16597257668486937 0.19916709202184324 0.2323616073588171 0.265556122695791 0.29875063803276486 0.33194515336973873 0.3651396687067126 0.3983341840436865 0.43152869938066035 0.4647232147176342 0.4979177300546081 0.531112245391582 0.5643067607285559 0.5975012760655297 0.6306957914025035 0.6638903067394775 0.6970848220764514 0.7302793374134252 0.763473852750399 0.796668368087373 0.8298628834243469 0.8630573987613207 0.8962519140982945 0.9294464294352685 0.9626409447722424
E0 0.4397830171152175 1.9241930637904265 -2.168343555558619 0.12519826206615187 2.1375791499788748 -2.1866516061726573 -0.17694507317256242 2.3230888019355316 -2.19853768108754 -0.4666469886009251 2.480722019660397 -2.204001780303268 -0.7439074842189348 2.61047880315347 -2.203043903819842 -1.0087265600265936 2.7123591524147512 -2.195664051637261 -1.2611042160239012 2.786363067444242 -2.181862223755525 -1.5010404522108567 2.8324905482419407 -2.161638420174634 -1.7285352685874602 2.8507415948078476 -2.1349926408945885 -1.9435886651537122 2.841116207141963 -2.1019248859153885 -2.1462006419096125 2.8036143852442867 -2.0624351552370332 -2.336371198855161 2.738236129114819 -2.016523448859523 -2.5141003359903578 2.6449814387535597 -1.9641897667828585 -2.679388053315203 2.5238503141605086 -1.905434109007039 -2.8322343508296965 2.3748427553356657 -1.8402564755320647 -2.9708285546401605 2.2006175820069074 -1.769371569975335 -3.084306621384527 2.0171277125414915 -1.697067614041245 -3.17085787716912 1.827031966667294 -1.6240593113471944 -3.2304823219939376 1.6303303443843147 -1.5503466618931834 -3.2631799558589814 1.4270228456925542 -1.4759296656792118 -3.2689507787642493 1.2171094705920107 -1.400808322705279 -3.247794790709743 1.0005902190826859 -1.3249826329713856 -3.199711991695462 0.77746509116458 -1.248452596477532 -3.1247023817214066 0.5477340868376923 -1.1712182132237174 -3.0227659607875763 0.31139720610202243 -1.0932794832099422 -2.893902728893971 0.06845444895757075 -1.0146364064362063 -2.7381126860405915 -0.18109418459566207 -0.9352889829025096 -2.555395832227438 -0.43724869455767623 -0.8552372126088525 -2.3457521674545085 -0.7000090809284731 -0.7744810955552345 -2.1091816917218043 -0.9693753437080519 -0.6930206317416556
E1 -9.664411776993498 6.848248904876699 -0.6482709039479886 -9.289608298646163 6.008458537437855 -0.4548059404152435 -8.914804820298832 5.168668169999012 -0.26134097688249847 -8.540001341951498 4.328877802560168 -0.06787601334975346 -8.165197863604165 3.4890874351213244 0.1255889501829917 -7.790394385256831 2.6492970676824816 0.3190539137157366 -7.4155909069094985 1.809506700243638 0.5125188772484817 -7.040787428562164 0.9697163328047949 0.7059838407812267 -6.66598395021483 0.12992596536595036 0.8994488043139719 -6.291180471867497 -0.7098644020728933 1.092913767846717 -5.9163769935201636 -1.5496547695117355 1.2863787313794617 -5.54157351517283 -2.389445136950579 1.479843694912207 -5.166770036825497 -3.2292355043894236 1.673308658444952 -4.791966558478164 -4.069025871828266 1.866773621977697 -4.4171630801308295 -4.908816239267109 2.060238585510442 -3.8241700755564287 -5.428213951366931 2.1675804518816286 -3.0129875447549583 -5.627219008127731 2.1887992210912555 -2.2018050139534884 -5.826224064888531 2.2100179903008828 -1.3906224831520195 -6.02522912164933 2.2312367595105096 -0.5794399523505516 -6.2242341784101285 2.2524555287201373 0.23174257845091972 -6.423239235170929 2.273674297929764 1.0429251092523906 -6.622244291931727 2.2948930671393915 1.8541076400538596 -6.821249348692526 2.3161118363490187 2.6652901708553283 -7.020254405453326 2.3373306055586456 3.476472701656798 -7.219259462214125 2.358549374768273 4.287655232458269 -7.418264518974924 2.3797681439779 5.098837763259739 -7.617269575735723 2.4009869131875274 5.910020294061205 -7.816274632496523 2.4222056823971547 6.721202824862678 -8.015279689257321 2.4434244516067816 7.5323853556641485 -8.214284746018121 2.464643220816409
E2 11.291126697965575 -25.299070009419264 5.828220763845681 11.291126697965575 -25.299070009419264 5.828220763845681 11.291126697965575 -25.299070009419264 5.828220763845681 11.291126697965575 -25.299070009419264 5.828220763845681 11.291126697965575 -25.299070009419264 5.828220763845681 11.291126697965575 -25.299070009419264 5.828220763845681 11.291126697965575 -25.299070009419264 5.828220763845681 11.291126697965575 -25.299070009419264 5.828220763845681 11.291126697965575 -25.299070009419264 5.828220763845681 11.291126697965575 -25.299070009419264 5.828220763845681 11.291126697965575 -25.299070009419264 5.828220763845681 11.291126697965575 -25.299070009419264 5.828220763845681 11.291126697965575 -25.299070009419264 5.828220763845681 11.291126697965575 -25.299070009419264 5.828220763845681 11.291126697965575 -25.299070009419264 5.828220763845681 24.437245809036714 -5.995118613439627 0.6392251549457795 24.437245809036714 -5.995118613439627 0.6392251549457795 24.437245809036714 -5.995118613439627 0.6392251549457795 24.437245809036714 -5.995118613439627 0.6392251549457795 24.437245809036714 -5.995118613439627 0.6392251549457795 24.437245809036714 -5.995118613439627 0.6392251549457795 24.437245809036714 -5.995118613439627 0.6392251549457795 24.437245809036714 -5.995118613439627 0.6392251549457795 24.437245809036714 -5.995118613439627 0.6392251549457795 24.437245809036714 -5.995118613439627 0.6392251549457795 24.437245809036714 -5.995118613439627 0.6392251549457795 24.437245809036714 -5.995118613439627 0.6392251549457795 24.437245809036714 -5.995118613439627 0.6392251549457795 24.437245809036714 -5.995118613439627 0.6392251549457795 24.437245809036714 -5.995118613439627 0.6392251549457795
NBN 6
NBT 1e-06 0.19252878895444847 0.3850565779088969 0.5775843668633455 0.7701121558177939 0.9626399447722424
NBSPAN 2.0 2.0 2.0 3.0 3.0 3.0
NBVAL 0.4999979223843187 0.5000020776135231 2.158247943737533e-12 0.17999925205835474 0.740000249312587 0.08000049862905849 0.01999991689537276 0.6599997506856867 0.32000033241894066 0.32000033241894066 0.6599997506856867 0.01999991689537276 0.08000049862905849 0.740000249312587 0.1799992520583547 2.1582479438616575e-12 0.5000020776135232 0.49999792238431856
END
SPLINE
P 3
DT 0.33145890137238965
NCTRL 6
CTRL -3.94427184030563 0.6796309728435164 0.6414196217443893 0.7324621005619267 1.4378497839549844 -1.0156762837108193 1.7169307545242063 2.4050675747032724 3.1570166118124208 0.5464379129134818 3.5838843179920117 2.6139468421237586 0.5708300763940697 -3.8053860944860416 1.9808640195243248 -1.3171977497906173 2.158808987541854 -0.23904693736263827
TSTART 0.0
TEND 0.9943767041171689
K 30
TS 0.0 0.03428885186610928 0.06857770373221855 0.10286655559832783 0.1371554074644371 0.17144425933054638 0.20573311119665566 0.24002196306276494 0.2743108149288742 0.3085996667949835 0.34288851866109277 0.377177370527202 0.4114662223933113 0.4457550742594206 0.4800439261255299 0.5143327779916391 0.5486216298577484 0.5829104817238577 0.617199333589967 0.6514881854560762 0.6857770373221855 0.7200658891882948 0.754354741054404 0.7886435929205133 0.8229324447866226 0.857221296652732 0.8915101485188413 0.9257990003849504 0.9600878522510597 0.9943767041171689
E0 0.11708455274438045 1.4726829472277876 -0.04404481688107792 0.39043255063267834 1.5630484538072604 0.115320391200461 0.6259694846185488 1.6556534508518446 0.32539883014297155 0.8253972367949829 1.750500816678339 0.5745159790728163 0.9904176892549728 1.8475934296035414 0.8509973171163582 1.12273272409151 1.9469341679442511 1.14316832339996 1.224044223397585 2.048525910017267 1.4393544770499838 1.296054069266191 2.1523715341393865 1.7278812571927928 1.340464143790319 2.2584739186274083 1.9970741429547503 1.35897632906296 2.3668359417981315 2.235258613462218 1.3533048935173235 2.4774004666193497 2.4308638236863973 1.3259072859996448 2.586509435118592 2.5785394792887537 1.2803928849963522 2.6849233618659794 2.682577139500671 1.22047015971561 2.762922638639596 2.7480977703122287 1.1498475793655847 2.810787657217525 2.7802223377135116 1.0722336131544403 2.8187988093778538 2.784071807694602 0.9913367302903419 2.7772364868986648 2.7647671462455827 0.9108653999814548 2.676381081558043 2.7274293193565367 0.8345280914359435 2.5065129851340737 2.6771792930175473 0.7660332738619737 2.25791258940484 2.619138033218696 0.708736407515837 1.9225387061333163 2.558091788676231 0.6618892235883035 1.5118617794067999 2.4949357197980637 0.6220958861310961 1.0499404031992547 2.428054607438341 0.5859164330769542 0.5610429739827489 2.35579139279198 0.5499109023586163 0.06943788822935687 2.276489017053896 0.5106393319088216 -0.4006064575888504 2.1884904214190075 0.46466175966030937 -0.8248216669997996 2.09013854708223 0.40853822354581865 -1.178939343531419 1.9797763352384814 0.33882876149808805 -1.4386910907116384 1.8557467270826775 0.2520934114498572 -1.5798085120683836 1.7163926638097369
E1 8.539825859842502 2.6027911676465294 3.794734399426781 7.412287233005701 2.66806169100647 5.443972802584983 6.334382291765519 2.7334161575911557 6.752735504800389 5.306111036121958 2.7988545674005882 7.721022506073 4.327473466075019 2.864376920434766 8.348833806402812 3.3984695816247 2.9299832166936897 8.636169405789829 2.519099382771002 2.9956734561773595 8.583029304234046 1.6893628695139244 3.061447638885775 8.18941350173547 0.9092600418534674 3.127305764818937 7.455321998294094 0.17879089978963075 3.1932478339768444 6.380754793909922 -0.49879343988926494 3.243521258808629 4.9929243075692655 -1.081228458935079 3.0733424011529937 3.6455919860941193 -1.5555096901945362 2.619700910806465 2.447607505429715 -1.9216371336676366 1.8825967877690388 1.3989708655760533 -2.1796107893543795 0.8620300320407202 0.49968206653313696 -2.3294306572547656 -0.4419993563784921 -0.2502588916990356 -2.3710967373687946 -2.0294913774886023 -0.8508520091204668 -2.3046090296964667 -3.900446031289608 -1.302097285731154 -2.1299675342377813 -6.054863317781509 -1.6039947215310981 -1.8471722509927395 -8.492743236964298 -1.7565443165202976 -1.5025513652744829 -10.99381332356299 -1.8036736929516264 -1.2466714793507236 -12.842188065433813 -1.8881476231469148 -1.091114639549749 -13.982799346258028 -2.0209480126693795 -1.0358808458715574 -14.415647166035637 -2.202074861519021 -1.0809700983161492 -14.140731524766636 -2.4315281696958406 -1.226382396883525 -13.158052422451018 -2.709307937199837 -1.4721177415736844 -11.467609859088796 -3.0354141640310104 -1.8181761323866261 -9.06940383467997 -3.4098468501893606 -2.2645575693223527 -5.9634343492245225 -3.832605995674889 -2.811262052380861 -2.1497014027224814 -4.303691600487592
E2 -33.607292368225586 1.9023253389256336 53.06320143743136 -32.15977567124111 1.9047734589464997 43.13356884803226 -30.71225897425662 1.9072215789673659 33.20393625863318 -29.264742277272138 1.9096696989882318 23.27430366923408 -27.817225580287655 1.9121178190090975 13.344671079834981 -26.369708883303176 1.9145659390299636 3.41503849043589 -24.92219218631869 1.9170140590508296 -6.5145940989632045 -23.47467548933421 1.9194621790716955 -16.44422668836231 -22.027158792349724 1.9219102990925616 -26.373859277761397 -20.57964209536524 1.9243584191134275 -36.3034918671605 -18.563232021428927 -0.8296440318640295 -41.47138689370973 -15.409035193588943 -9.096547624838104 -37.115806794559276 -12.254838365748956 -17.36345121781219 -32.76022669540883 -9.100641537908967 -25.630354810786283 -28.404646596258374 -5.946444710068984 -33.89725840376036 -24.04906649710793 -2.7922478822290024 -42.16416199673443 -19.69348639795749 0.3619489456109868 -50.43106558970852 -15.337906298807033 3.5161457734509733 -58.697969182682606 -10.982326199656582 6.670342601290962 -66.9648727756567 -6.626746100506128 9.824539429130938 -75.23177636863076 -2.2711660013556885 8.925390974891124 -64.22660289103518 -1.7589011369409486 5.999569879611412 -43.58539087815482 -3.1682938898940582 3.0737487843317117 -22.944178865274516 -4.577686642847164 0.1479276890520005 -2.3029668523941424 -5.987079395800273 -2.7778934062277107 18.33824516048623 -7.396472148753383 -5.703714501507422 38.979457173366605 -8.805864901706492 -8.629535596787132 59.620669186246985 -10.215257654659604 -11.555356692066836 80.26188119912729 -11.624650407612709 -14.481177787346546 100.90309321200766 -13.034043160565819 -17.406998882626247 121.54430522488796 -14.443435913518924
NBN 6
NBT 1e-06 0.19887594082343377 0.3977508816468675 0.5966258224703013 0.7955007632937351 0.9943757041171689
NBSPAN 3.0 3.0 4.0 4.0 5.0 5.0
NBVAL 0.1666651581885735 0.6666666666575647 0.1666681751538619 4.5767763435320696e-18 0.010666521852988171 0.4146654719480848 0.5386676803656928 0.03600032583323417 0.08533314024770057 0.6306664615127722 0.28266705283829624 0.0013333454012308913 0.0013333454012309015 0.2826670528382966 0.6306664615127722 0.08533314024770042 0.03600032583323422 0.538667680365693 0.4146654719480847 0.010666521852988152 4.576776343926895e-18 0.16666817515386195 0.6666666666575645 0.1666651581885734
END
SPLINE
P 5
DT 0.8402811352241106
NCTRL 9
CTRL -3.7780930423135093 -2.963659824738106 -3.4874567405064214 -3.8552956546786934 -0.4835914962892023 -0.22522134038612585 -1.3714253750857033 -2.270514581568804 -3.5106544920450657 2.56802665525791 0.40337445003037864 3.1005257831342616 2.226260042843572 -0.8331588474728839 -3.437160358203136 -1.5075654648258023 3.5842861034096396 2.7058581031039406 -0.3209064953330847 -2.0030220986331244 0.5438841130923739 2.244946357561618 0.020867753531702782 -0.39017756902686873 -1.1049175971838014 -2.1015059031683414 -1.3980036511683434
TSTART 0.0
TEND 3.3611245408964425
K 30
TS 0.0 0.11590084623780836 0.23180169247561672 0.34770253871342505 0.46360338495123343 0.5795042311890418 0.6954050774268501 0.8113059236646585 0.9272067699024669 1.0431076161402753 1.1590084623780836 1.274909308615892 1.3908101548537002 1.5067110010915086 1.622611847329317 1.7385126935671253 1.8544135398049337 1.9703143860427421 2.0862152322805505 2.2021160785183587 2.3180169247561673 2.4339177709939754 2.549818617231784 2.665719463469592 2.7816203097074004 2.897521155945209 3.013422002183017 3.1293228484208258 3.245223694658634 3.3611245408964425
E0 -1.0461241811672228 -1.2978035354873456 -1.3655824838519366 -0.6375177136774046 -1.2194251962300724 -1.1446270995645496 -0.22571881732493745 -1.1131032861552717 -0.8765002850018844 0.17848302433699176 -0.985467103224833 -0.5857887887829059 0.5637460450833893 -0.8458367867393803 -0.3025495969759051 0.9187382047015445 -0.7044742439366726 -0.05789840217017743 1.2326991976751285 -0.5708340765900086 0.12040192745230056 1.4960024618682881 -0.45181450760663266 0.2123528790451934 1.7007161545426754 -0.35001602741385063 0.21011365485290023 1.8410989003632587 -0.2624876577179372 0.1212467569128286 1.9138241816981747 -0.18150177215418603 -0.03281133398362632 1.9180334081781758 -0.09660963924894961 -0.2212940994017422 1.8553757315706194 0.0032039481250188823 -0.4088821584864357 1.730047856403807 0.1273660115245501 -0.5604805179637148 1.548833850591318 0.2815607257120404 -0.6459958221421348 1.3211446950647412 0.46557607907469245 -0.6451113534164976 1.0589959783969272 0.6714637634955269 -0.5515289018029417 0.7765466035520151 0.8839220681816841 -0.37342697924538276 0.48919850676223486 1.0829017774500207 -0.1301353786932913 0.21263452139523403 1.2465252979644754 0.15172339778912725 -0.03814401917020696 1.354007107616693 0.44209496041151736 -0.24977967866845022 1.3885742044066451 0.7113538530459493 -0.4115213039482978 1.3403865061037181 0.9341643263949618 -0.5161517183750143 1.2093037341730206 1.0931907112807946 -0.5604670030981108 1.0056680613016258 1.1808638288972033 -0.5450455310496797 0.7479438946322505 1.1980683264025203 -0.4738462742014362 0.4596021883290785 1.1520898753727362 -0.3538044079356996 0.16599279579615633 1.0545506526622215 -0.19442691541637633 -0.10878317810418689 0.9193448212644544 -0.007388191959938367 -0.3450010248329383 0.7605740111727421
E1 3.4828411012399894 0.5454603217175638 1.6516182412679297 3.5541311263993363 0.8036465671722917 2.1394361580894 3.536327703801936 1.0212735503099666 2.4514044564961424 3.422241179179465 1.167578958729405 2.521294086721458 3.2095309455513306 1.2268915985015605 2.32093897326952 2.900705443224658 1.1986313941695173 1.8602360149153716 2.5031221597943007 1.0973093887484962 1.187145084704924 2.028987630142831 0.9525277437258514 0.38768902995496174 1.495298036985751 0.8085356935421435 -0.4150915414684886 0.9223754909730646 0.7132873868777987 -1.086894391870741 0.33134098721734156 0.6995507649466132 -1.5266224004534665 -0.2563402571997777 0.7815086945607485 -1.6743839646407213 -0.8188595365541865 0.9547534860872844 -1.5115059039520635 -1.3340646564793164 1.196286893448225 -1.06053346000254 -1.7794599339661277 1.464520114120493 -0.3852302965026963 -2.132228715887325 1.6993878213711844 0.4096155888633715 -2.370944786837355 1.8310146141367665 1.1929425617058966 -2.480751629700803 1.805942431131173 1.8520556189769573 -2.4550738334923947 1.5957970007250046 2.30737708623836 -2.2956396118811995 1.1974018731807772 2.512640705783577 -2.012480803190634 0.6327784206529217 2.4548916366377567 -1.6239328703984648 -0.05085416281220627 2.1544864545577136 -1.1566329817396175 -0.7810873546632748 1.6650848310323498 -0.6443299844513967 -1.4655892037414664 1.068490513541244 -0.12127016207350111 -2.021372541646333 0.445977160991875 0.3816338823335125 -2.3917477830509943 -0.13832037144789938 0.8369586973602153 -2.547010890043585 -0.6380800333160513 1.2207699832483208 -2.484443372127263 -1.0247925788563967 1.5126225918906708 -2.228312286220205 -1.2877615670185822 1.6955605268312475 -1.8298702366556063 -1.4341033614580951
E2 0.9683098910489973 2.2815967393276084 4.694966863506609 0.24456822522396704 2.107760792943937 3.572909176591578 -0.5621251896543381 1.6034020515959546 1.715218061019842 -1.4099324598592928 0.8987276618403814 -0.5496966785660038 -2.2570156916642743 0.12394477023393385 -2.893425237523369 -3.0615369913426527 -0.5907394766666656 -4.987557811209648 -3.7816584651678027 -1.1151179323046987 -6.503684594982252 -4.375542219413102 -1.3189834501234472 -7.113395784198582 -4.80408370616024 -1.0925622353879478 -6.536378489492852 -5.051968609526271 -0.5039263332933512 -4.910941121130736 -5.116132052250713 0.28728052317139147 -2.590937524507306 -4.993610392103024 1.120657810209114 0.067997087749891 -4.6814399868526575 1.8358050040226472 2.7102275030133 -4.176657194269067 2.272321580814833 4.9801185086553925 -3.476298372121712 2.269807016788501 6.522034892048616 -2.5789542084505404 1.6757318081746653 6.993738279552947 -1.51896498751693 0.5185999118524728 6.361117594241469 -0.36642058980368286 -0.9920512546508 4.898189055900373 0.8070347739359043 -2.6388132537796927 2.892365723303373 1.9297568929485323 -4.204277647978748 0.6310606552241883 2.93010155648091 -5.471035999692517 -1.5983130895634865 3.736424553779732 -6.221679871365528 -3.50834245228591 4.277346645021247 -6.239973329313656 -4.81276308013357 4.513550072856125 -5.451553408282887 -5.364304041962655 4.467985248377126 -4.057595552780196 -5.285640308211605 4.1707567977745965 -2.2909328118382706 -4.730461910351689 3.6519693472388948 -0.384398234489826 -3.8524588798541917 2.9417275229603703 1.4291751302324485 -2.8053212481903853 2.0701359511293806 2.916954233295843 -1.7427390468315527 1.0672992579362746 3.846106025667668 -0.8184023072489678
NBN 6
NBT 1e-06 0.6722255081792885 1.3444500163585769 2.0166745245378657 2.688899032717154 3.3611235408964424
NBSPAN 5.0 5.0 6.0 7.0 8.0 8.0
NBVAL 0.008333283746872625 0.21666617080111536 0.5499999999992917 0.21666716253269 0.008333382920030089 1.9892789471275088e-32 2.666619063890994e-06 0.020719938592052282 0.30509300582391513 0.5303734709061096 0.14108023920577306 0.0027306788530860092 8.533307945035256e-05 0.044306630091617366 0.3959198957491691 0.47554674917871587 0.08349339061576226 0.0006480012852851395 0.0006480012852851394 0.08349339061576226 0.4755467491787158 0.3959198957491691 0.044306630091617366 8.533307945035258e-05 0.0027306788530860092 0.141080239205773 0.5303734709061096 0.3050930058239152 0.020719938592052286 2.666619063890994e-06 1.9892789485177956e-32 0.008333382920030082 0.21666716253269003 0.5499999999992918 0.21666617080111533 0.008333283746872621
END
FIT
P 5
DT 0.8
NUMCTRL 12
CLAMP 0
M 20
PATH -2.410657554975839 2.5548977435008133 2.3387810279437007 -1.879612613310423 -1.6315269074836007 -0.5884973660355275 0.18476933469187262 -1.6359836095535703 -0.6032457697626299 1.3005607212106876 0.748784173974796 1.887241914558051 0.9213390492536986 0.07009396828905556 1.9043384270677688 1.291788207241872 -0.18456135010407593 -2.934272008367955 2.0781420919711913 -0.08166161233175906 1.012189953458468 -0.8371707019643955 -0.16568437227701427 -1.4233202978851172 -0.3582491181559031 1.6558658979268612 0.5304516764292035 -2.7714478313587065 -1.1124175572694943 -1.8793514147629307 1.8183272120287661 2.6507150044543053 -1.3828956905587457 -1.1693877419741248 2.4884886962124364 1.6325362018627905 0.29326617591275106 -1.1557790914237462 -0.7196789475786458 -1.9928827791615804 2.804515007517989 -1.2536569021421626 0.43364746107542285 0.5755339669102644 -0.37227424113050134 0.023254281282213185 -0.11089645886088517 1.5255433517403283 1.9128832664692617 2.401441750136865 2.5540221790024757 1.6256123783701444 -0.7761950231427157 -2.242421129719995 2.742524806417375 -0.8251422542308529 -1.6517587435365564 2.27631898410172 -0.717227045887074 -0.9062198429780057
CTRLOUT 1378.2180903689086 510.5388484449547 847.9688520314809 -102.9062173760159 13.975497563994463 -20.685231661189263 18.132350006343785 -10.106920589529818 -1.4509743642128257 -7.56675568791173 3.9607182762942297 2.685889232305885 9.011187117243917 -1.7042619032966284 -0.3034874709807609 -8.45345628838526 0.3197814739342818 -3.2843120435326503 6.906178901598337 3.16899872720087 4.354616907254817 -8.81903871915562 -1.4097173819793694 -8.825229306101935 11.68109307826073 4.464824563247328 17.47299258836697 -16.544705576195337 -6.915738647655101 -37.456661054457044 83.07947635256502 6.716083016508387 120.3377796210517 -1089.8644399181062 83.4211459871467 -1207.9122458521451
K 25
TS 0.0 0.23333333333333336 0.46666666666666673 0.7000000000000001 0.9333333333333335 1.1666666666666667 1.4000000000000001 1.6333333333333335 1.866666666666667 2.1 2.3333333333333335 2.566666666666667 2.8000000000000003 3.0333333333333337 3.266666666666667 3.5000000000000004 3.733333333333334 3.9666666666666672 4.2 4.433333333333334 4.666666666666667 4.9 5.133333333333334 5.366666666666667 5.6000000000000005
EV -2.4027743479773025 2.567661995668297 2.3659846114290444 -2.6391010105638615 -1.492539434644152 -0.878860299279042 -0.21573627951179544 -1.6408116500319787 -0.23134085414202585 0.738826798097011 -0.6652702168487178 0.6879667096233056 0.822261283654831 0.14138143520113994 1.0027798553991685 1.1341435152164638 0.39532004067149623 0.8060544295684655 1.6172863585375397 0.20359163192033083 0.28483920587413103 1.6500029018927265 -0.10604681848484365 -0.3653317986968161 0.8843208651951413 -0.23236509817934597 -0.9332780738732189 -0.31710986044849443 -0.058042141599763834 -1.2141326573030216 -1.2218514460612726 0.3667210493489699 -1.0880974094233886 -1.2986338184848363 0.8923781781470812 -0.6155446651285591 -0.6648091293849824 1.338161653786056 -0.08934745144980301 0.04392095159143521 1.554415197924021 0.10607598248913916 0.19345861046106025 1.4810166136243128 -0.23391743732280856 -0.32932303890234177 1.199356254116326 -0.8768708270181111 -0.9938147096505363 0.9121517795252139 -1.1914826537739522 -1.090892993680823 0.8162807540696843 -0.6240672993987588 -0.32381526000329935 0.95323925241532 0.7341631683694513 0.8359993805028232 1.1229075656702143 1.8735269523445681 1.5877808130139934 1.010746288769902 1.5819071399972158 1.6503257249482048 0.42525433934695794 -0.328505248135997 1.9025427548711464 -0.4777200361039178 -2.0743958234401325 3.0828651580501845 -1.1342005952963339 -1.542653059739771 2.2761729877943067 -0.6976977088868396 -0.881641894229376
END
FIT
P 5
DT 0.8
NUMCTRL 14
CLAMP 1
M 20
PATH -0.26877233585169513 1.4285240588999448 0.3567583573919775 -1.6935563565127765 -0.505443609439248 0.9044005756660805 -1.7076771927171202 -2.288798511207779 0.26371569387730887 2.235632639923497 2.3025927611160526 -0.30354627934991685 -1.8728084813694137 -0.5478281057109728 -0.3701741535178771 1.5435144500713074 1.0008330439467468 1.2418317635394134 0.9862170988697585 2.5094407736685422 -1.4337338435496767 -2.6492284064241582 -1.0837714458665768 -1.5262180240489398 0.862524988994327 0.6326535733459115 1.4422458035865304 1.8887872701750261 0.34754673155636695 -1.258922022345316 -0.44831812734560383 -1.683880652756551 -0.03711493748764605 -2.3488901723481863 2.05946278484274 -0.6694634201830265 2.820182227652965 0.8354034534342119 -2.2139335884074764 0.655364427412735 2.0485826191960683 1.1119716844009888 0.2559618595953328 0.8488714797440773 -2.0045490749522212 -0.5266380054909225 -2.9009329115792855 -0.6705278120629172 -1.6595424850577862 -0.3797099585692063 -1.8228698129909173 2.472534704494496 -0.6536127040148281 -2.7211162618260056 -1.7146984028111765 -1.364166225889877 -2.3469940814837784 0.14995872844319091 -0.036193793296176224 0.3925497914681726
CTRLOUT -0.26877233585169513 1.4285240588999448 0.3567583573919775 -0.26877233585169513 1.4285240588999448 0.3567583573919775 -0.26877233585169513 1.4285240588999448 0.3567583573919775 -0.26877233585169513 1.4285240588999448 0.3567583573919775 -0.26877233585169513 1.4285240588999448 0.3567583573919775 -0.26877233585169513 1.4285240588999448 0.3567583573919775 5.690219212571204 -1.5994371182852087 5.369518659173948 -5.4642609456623665 -1.4580644752997114 -5.054823210940508 0.14995872844319091 -0.036193793296176224 0.3925497914681726 0.14995872844319091 -0.036193793296176224 0.3925497914681726 0.14995872844319091 -0.036193793296176224 0.3925497914681726 0.14995872844319091 -0.036193793296176224 0.3925497914681726 0.14995872844319091 -0.036193793296176224 0.3925497914681726 0.14995872844319091 -0.036193793296176224 0.3925497914681726
K 25
TS 0.0 0.3 0.6 0.8999999999999999 1.2 1.5 1.7999999999999998 2.1 2.4 2.6999999999999997 3.0 3.3 3.5999999999999996 3.9 4.2 4.5 4.8 5.1 5.3999999999999995 5.7 6.0 6.3 6.6 6.8999999999999995 7.2
EV -0.26877233585169513 1.4285240588999448 0.3567583573919775 -0.26877233585169513 1.4285240588999448 0.3567583573919775 -0.26877233585169513 1.4285240588999448 0.3567583573919775 -0.26877082040177747 1.4285232888495967 0.35675963220284523 -0.26722051513596 1.4277355273433863 0.35806376372056653 -0.2433021690847417 1.4155818226977173 0.378184103646466 -0.11756059145943294 1.3516433826289922 0.48395064091809736 0.26135992111394074 1.1547541445379252 0.80188326651828 0.9790467612248432 0.7484108993914982 1.3977599097086328 1.8139258221594639 0.1458532727535648 2.066470089796532 2.1796459853530212 -0.5084030802398251 2.2857226163123157 1.5608264232678748 -1.0176075339223964 1.6089577833949684 0.09161045999412828 -1.252953926353161 0.18428465712431602 -1.399258961450553 -1.2088278466705735 -1.2130925420867154 -2.0762349283608375 -0.9674309831222403 -1.816546545314611 -1.7860480351025831 -0.6468098126740649 -1.5020782518551163 -1.0202866969119477 -0.3572928021051846 -0.7462396184894947 -0.34898855054731326 -0.16491584205211815 -0.09188629268826769 0.007500957422266575 -0.07229712907493628 0.2543224198402019 0.12596219980175918 -0.042271211446107425 0.3692664057332374 0.14849669206972593 -0.03656407211961465 0.39113120474879537 0.14995730067329494 -0.03619415489658974 0.3925484061295794 0.14995872844319091 -0.036193793296176224 0.3925497914681726 0.14995872844319091 -0.036193793296176224 0.3925497914681726 0.14995872844319091 -0.036193793296176224 0.3925497914681726
END
