CASE
RES 0.3
PARAMS 24.0 24.0 8.0 0.0 0.0 1.5 0.0 3.0 0.3 2.0
NOBST 1
OBSTPOS 0.5 0.0 1.5
OBSTBBOX 0.3 0.3 0.4
NCLOUD 0
CLOUD
KBOOL 1 1 1 0 1 1 1 1 1
KINT 2 2 15 2
KFLOAT 0.2 1.0 0.5 0.0 2.0 0.1 0.5 0.5 1.0 5.0 1.0 0.5 5.0
PREDTIMES 0
PREDSAMP -1
GSPLANNER astar_heat
GSFLOAT 1.0 0.0 0.0 20.0 0.2 10.0 5.0
START 3 14 4
GOAL 25 14 4
INITG 0.0
STARTVEL 0.0 0.0 0.0
MAXEXPAND 200000
DIM 29 29 8
SUCCESS 1
NPATH 23
PATH 3 14 4 4 14 4 5 14 4 6 14 4 7 14 5 8 14 6 9 14 7 10 14 7 11 14 7 12 14 7 13 14 7 14 14 7 15 14 7 16 14 7 17 14 7 18 14 7 19 14 7 20 14 6 21 14 6 22 14 5 23 14 5 24 14 4 25 14 4
PATHWORLD -3.3 0.0 1.65 -3.0 0.0 1.65 -2.6999999999999997 0.0 1.65 -2.3999999999999995 0.0 1.65 -2.0999999999999996 0.0 1.95 -1.7999999999999998 0.0 2.25 -1.4999999999999996 0.0 2.55 -1.1999999999999997 0.0 2.55 -0.8999999999999999 0.0 2.55 -0.5999999999999996 0.0 2.55 -0.2999999999999998 0.0 2.55 0.0 0.0 2.55 0.2999999999999998 0.0 2.55 0.6000000000000005 0.0 2.55 0.9000000000000004 0.0 2.55 1.2000000000000002 0.0 2.55 1.5 0.0 2.55 1.7999999999999998 0.0 2.25 2.1000000000000005 0.0 2.25 2.4000000000000004 0.0 1.95 2.7 0.0 1.95 3.0 0.0 1.65 3.3 0.0 1.65
END
CASE
RES 0.25
PARAMS 30.0 28.0 10.0 0.2 -0.1 1.4 0.1 2.9 0.25 2.5
NOBST 3
OBSTPOS -0.6 0.4 1.3 0.8 -0.5 1.4 0.0 0.0 1.2
OBSTBBOX 0.25 0.25 0.3 0.3 0.2 0.4 0.2 0.3 0.25
NCLOUD 0
CLOUD
KBOOL 1 1 1 0 1 1 1 1 1
KINT 2 2 15 2
KFLOAT 0.2 1.0 0.5 0.1 2.0 0.1 0.5 0.5 1.0 5.0 1.0 0.5 5.0
PREDTIMES 0
PREDSAMP -1
GSPLANNER astar_heat
GSFLOAT 1.5 0.0 0.0 20.0 0.2 8.0 4.0
START 2 2 5
GOAL 32 30 5
INITG 0.0
STARTVEL 0.1 0.2 0.0
MAXEXPAND 300000
DIM 35 33 10
SUCCESS 1
NPATH 31
PATH 2 2 5 3 3 5 4 4 5 5 5 5 6 6 5 7 7 5 8 8 5 9 9 5 10 10 5 11 11 5 12 12 5 13 13 5 14 14 6 15 15 7 16 16 7 17 17 7 18 18 7 19 19 7 20 20 7 21 21 7 22 22 7 23 23 7 24 24 7 25 25 7 26 26 7 27 27 6 28 28 6 29 29 6 30 29 6 31 30 5 32 30 5
PATHWORLD -3.55 -3.5999999999999996 1.525 -3.3 -3.3499999999999996 1.525 -3.05 -3.0999999999999996 1.525 -2.8 -2.8499999999999996 1.525 -2.55 -2.5999999999999996 1.525 -2.3 -2.3499999999999996 1.525 -2.05 -2.0999999999999996 1.525 -1.7999999999999998 -1.8499999999999996 1.525 -1.5499999999999998 -1.5999999999999996 1.525 -1.2999999999999998 -1.3499999999999996 1.525 -1.0499999999999998 -1.0999999999999996 1.525 -0.7999999999999998 -0.8499999999999996 1.525 -0.5499999999999998 -0.5999999999999996 1.775 -0.2999999999999998 -0.34999999999999964 2.025 -0.04999999999999982 -0.09999999999999964 2.025 0.20000000000000018 0.15000000000000036 2.025 0.4500000000000002 0.40000000000000036 2.025 0.7000000000000002 0.6500000000000004 2.025 0.9500000000000002 0.9000000000000004 2.025 1.2000000000000002 1.1500000000000004 2.025 1.4500000000000002 1.4000000000000004 2.025 1.7000000000000002 1.6500000000000004 2.025 1.9500000000000002 1.9000000000000004 2.025 2.2 2.1500000000000004 2.025 2.45 2.4000000000000004 2.025 2.7 2.6500000000000004 1.775 2.95 2.9000000000000004 1.775 3.2 3.1500000000000004 1.775 3.45 3.1500000000000004 1.775 3.7 3.4000000000000004 1.525 3.95 3.4000000000000004 1.525
END
CASE
RES 0.3
PARAMS 22.0 22.0 8.0 0.0 0.0 1.2 0.0 2.5 0.3 2.0
NOBST 2
OBSTPOS 0.3 0.0 1.2 -0.4 0.5 1.1
OBSTBBOX 0.3 0.4 0.5 0.25 0.25 0.4
NCLOUD 0
CLOUD
KBOOL 1 1 1 0 1 1 1 1 0
KINT 2 2 15 2
KFLOAT 0.2 1.0 0.5 0.0 2.0 0.1 0.5 0.5 1.0 5.0 1.0 0.5 5.0
PREDTIMES 0
PREDSAMP -1
GSPLANNER sastar
GSFLOAT 1.0 0.0 0.0 20.0 0.2 10.0 5.0
START 3 3 4
GOAL 23 23 4
INITG 0.0
STARTVEL 0.0 0.0 0.0
MAXEXPAND 300000
DIM 27 27 8
SUCCESS 1
NPATH 21
PATH 3 3 4 4 4 4 5 5 4 6 6 4 7 7 4 8 8 4 9 9 4 10 10 4 11 11 5 12 12 6 13 13 6 14 14 6 15 15 6 16 16 6 17 17 6 18 18 6 19 19 6 20 20 5 21 21 5 22 22 4 23 23 4
PATHWORLD -3.0 -3.0 1.3499999999999999 -2.7 -2.7 1.3499999999999999 -2.4 -2.4 1.3499999999999999 -2.0999999999999996 -2.0999999999999996 1.3499999999999999 -1.7999999999999998 -1.7999999999999998 1.3499999999999999 -1.5 -1.5 1.3499999999999999 -1.1999999999999997 -1.1999999999999997 1.3499999999999999 -0.8999999999999999 -0.8999999999999999 1.3499999999999999 -0.6000000000000001 -0.6000000000000001 1.65 -0.2999999999999998 -0.2999999999999998 1.95 0.0 0.0 1.95 0.2999999999999998 0.2999999999999998 1.95 0.5999999999999996 0.5999999999999996 1.95 0.9000000000000004 0.9000000000000004 1.95 1.2000000000000002 1.2000000000000002 1.95 1.5 1.5 1.95 1.7999999999999998 1.7999999999999998 1.95 2.0999999999999996 2.0999999999999996 1.65 2.4000000000000004 2.4000000000000004 1.65 2.7 2.7 1.3499999999999999 3.0 3.0 1.3499999999999999
END
CASE
RES 0.3
PARAMS 16.0 16.0 6.0 0.0 0.0 1.5 0.0 3.0 0.3 2.0
NOBST 0
OBSTPOS
OBSTBBOX
NCLOUD 0
CLOUD
KBOOL 1 1 1 0 1 1 1 1 1
KINT 2 2 15 2
KFLOAT 0.2 1.0 0.5 0.0 2.0 0.1 0.5 0.5 1.0 5.0 1.0 0.5 5.0
PREDTIMES 0
PREDSAMP -1
GSPLANNER astar_heat
GSFLOAT 1.0 0.0 0.0 20.0 0.2 10.0 5.0
START 10 10 3
GOAL 10 10 3
INITG 0.0
STARTVEL 0.0 0.0 0.0
MAXEXPAND 100000
DIM 21 21 6
SUCCESS 1
NPATH 1
PATH 10 10 3
PATHWORLD 0.0 0.0 1.6500000000000001
END
CASE
RES 0.3
PARAMS 26.0 26.0 8.0 0.0 0.0 1.2 0.0 2.5 0.3 2.0
NOBST 1
OBSTPOS 0.0 0.0 1.2
OBSTBBOX 0.4 0.4 0.5
NCLOUD 0
CLOUD
KBOOL 1 1 1 0 1 1 1 1 1
KINT 2 2 15 2
KFLOAT 0.2 1.0 0.5 0.0 2.0 0.1 0.5 0.5 1.0 5.0 1.0 0.5 5.0
PREDTIMES 0
PREDSAMP -1
GSPLANNER astar_heat
GSFLOAT 1.0 0.0 0.0 20.0 0.2 10.0 5.0
START 2 2 4
GOAL 28 28 4
INITG 0.0
STARTVEL 0.0 0.0 0.0
MAXEXPAND 40
DIM 31 31 8
SUCCESS 0
NPATH 11
PATH 2 2 4 3 3 4 4 4 4 5 5 4 6 6 4 7 7 4 8 8 4 9 9 4 10 10 4 11 11 4 12 12 4
PATHWORLD -3.8999999999999995 -3.8999999999999995 1.3499999999999999 -3.5999999999999996 -3.5999999999999996 1.3499999999999999 -3.3 -3.3 1.3499999999999999 -2.9999999999999996 -2.9999999999999996 1.3499999999999999 -2.6999999999999993 -2.6999999999999993 1.3499999999999999 -2.3999999999999995 -2.3999999999999995 1.3499999999999999 -2.0999999999999996 -2.0999999999999996 1.3499999999999999 -1.7999999999999994 -1.7999999999999994 1.3499999999999999 -1.4999999999999996 -1.4999999999999996 1.3499999999999999 -1.1999999999999997 -1.1999999999999997 1.3499999999999999 -0.8999999999999995 -0.8999999999999995 1.3499999999999999
END
CASE
RES 0.3
PARAMS 24.0 24.0 8.0 0.0 0.0 1.4 0.0 2.8 0.3 2.0
NOBST 1
OBSTPOS 0.4 0.4 1.4
OBSTBBOX 0.3 0.3 0.4
NCLOUD 0
CLOUD
KBOOL 1 1 1 0 1 1 1 1 1
KINT 2 2 15 2
KFLOAT 0.2 1.0 0.5 0.0 2.0 0.1 0.5 0.5 1.0 5.0 1.0 0.5 5.0
PREDTIMES 0
PREDSAMP -1
GSPLANNER astar_heat
GSFLOAT 1.0 0.5 0.0 20.0 0.2 6.0 5.0
START 3 25 4
GOAL 25 3 4
INITG 2.5
STARTVEL 0.0 0.0 0.0
MAXEXPAND 300000
DIM 29 29 8
SUCCESS 1
NPATH 24
PATH 3 25 4 4 24 4 5 23 4 6 22 4 7 21 4 8 20 4 9 19 4 10 18 4 11 17 4 11 16 4 12 15 4 13 14 4 14 13 4 15 12 4 16 11 4 17 10 4 18 9 4 19 8 4 20 7 4 21 6 4 22 5 4 23 5 4 24 4 4 25 3 4
PATHWORLD -3.3 3.3 1.5499999999999998 -3.0 3.0 1.5499999999999998 -2.6999999999999997 2.7 1.5499999999999998 -2.3999999999999995 2.4000000000000004 1.5499999999999998 -2.0999999999999996 2.1000000000000005 1.5499999999999998 -1.7999999999999998 1.7999999999999998 1.5499999999999998 -1.4999999999999996 1.5 1.5499999999999998 -1.1999999999999997 1.2000000000000002 1.5499999999999998 -0.8999999999999999 0.9000000000000004 1.5499999999999998 -0.8999999999999999 0.6000000000000005 1.5499999999999998 -0.5999999999999996 0.2999999999999998 1.5499999999999998 -0.2999999999999998 0.0 1.5499999999999998 0.0 -0.2999999999999998 1.5499999999999998 0.2999999999999998 -0.5999999999999996 1.5499999999999998 0.6000000000000005 -0.8999999999999999 1.5499999999999998 0.9000000000000004 -1.1999999999999997 1.5499999999999998 1.2000000000000002 -1.4999999999999996 1.5499999999999998 1.5 -1.7999999999999998 1.5499999999999998 1.7999999999999998 -2.0999999999999996 1.5499999999999998 2.1000000000000005 -2.3999999999999995 1.5499999999999998 2.4000000000000004 -2.6999999999999997 1.5499999999999998 2.7 -2.6999999999999997 1.5499999999999998 3.0 -3.0 1.5499999999999998 3.3 -3.3 1.5499999999999998
END
CASE
RES 0.2519334533077594
PARAMS 18.0 26.0 11.0 0.06316836247853486 0.3770183655532635 1.2775111778915975 0.0 3.0 0.27249613502169345 2.0855602729168803
NOBST 3
OBSTPOS 0.37947679229673725 -0.30892120248494415 1.478688058664214 0.9038770147062389 0.6455031023743909 1.6768233576034355 0.3994782123048086 0.9627642198099917 1.3279044286224935
OBSTBBOX 0.3276000746396156 0.2675316868054053 0.2639840356748555 0.2757005047802093 0.17666532081558464 0.4909276701284752 0.22102243630925128 0.19078446475771543 0.38688633379095655
NCLOUD 0
CLOUD
KBOOL 1 1 1 0 1 1 1 1 0
KINT 1 3 15 2
KFLOAT 0.419579572720608 0.6943471340150151 0.5 0.11790413041723596 2.403098575627004 0.1 0.5 0.5 0.9281719866203184 5.0 0.7261777466777868 0.8921300647923858 5.0
PREDTIMES 0
PREDSAMP -1
GSPLANNER astar_heat
GSFLOAT 1.2765374585134497 0.08101271898457413 0.0 20.0 0.2 10.588785284978863 3.5680962330926977
START 2 2 5
GOAL 21 29 5
INITG 0.9048157345024811
STARTVEL -0.11369465444518587 0.2201413643097025 0.04691399869927004
MAXEXPAND 300000
DIM 24 32 10
SUCCESS 1
NPATH 28
PATH 2 2 5 3 3 5 4 4 5 5 5 5 6 6 5 7 7 4 8 8 3 9 9 2 10 10 1 11 11 0 12 12 0 13 13 0 14 14 0 15 15 0 16 16 0 17 17 0 17 18 0 18 19 1 18 20 1 19 21 2 19 22 2 19 23 3 19 24 3 20 25 4 20 26 4 20 27 4 21 28 5 21 29 5
PATHWORLD -2.3301994439451796 -3.0240832541014884 1.403477904545477 -2.07826599063742 -2.772149800793729 1.403477904545477 -1.8263325373296606 -2.5202163474859693 1.403477904545477 -1.5743990840219013 -2.26828289417821 1.403477904545477 -1.3224656307141418 -2.0163494408704503 1.403477904545477 -1.0705321774063825 -1.7644159875626912 1.1515444512377178 -0.818598724098623 -1.5124825342549317 0.8996109979299582 -0.5666652707908635 -1.2605490809471722 0.647677544622199 -0.3147318174831044 -1.0086156276394131 0.3957440913144395 -0.0627983641753449 -0.7566821743316536 0.1438106380066801 0.1891350891324146 -0.5047487210238941 0.1438106380066801 0.4410685424401741 -0.2528152677161346 0.1438106380066801 0.6930019957479332 -0.0008818144083755364 0.1438106380066801 0.9449354490556927 0.251051638899384 0.1438106380066801 1.1968689023634518 0.502985092207143 0.1438106380066801 1.4488023556712113 0.7549185455149026 0.1438106380066801 1.4488023556712113 1.006851998822662 0.1438106380066801 1.7007358089789708 1.2587854521304216 0.3957440913144395 1.7007358089789708 1.510718905438181 0.3957440913144395 1.9526692622867303 1.7626523587459406 0.647677544622199 1.9526692622867303 2.0145858120537 0.647677544622199 1.9526692622867303 2.2665192653614596 0.8996109979299582 1.9526692622867303 2.5184527186692183 0.8996109979299582 2.20460271559449 2.770386171976978 1.1515444512377178 2.20460271559449 3.0223196252847373 1.1515444512377178 2.20460271559449 3.274253078592497 1.1515444512377178 2.4565361689022494 3.5261865319002563 1.403477904545477 2.4565361689022494 3.778119985208016 1.403477904545477
END
CASE
RES 0.31805362898838163
PARAMS 19.0 24.0 11.0 -0.04237246077944046 -0.12578754298173922 1.4523611506939482 0.0 3.0 0.2695807987277151 1.8867274004004793
NOBST 2
OBSTPOS -0.5343858556853727 0.2586494853835599 1.5401952986906133 -0.6037743718575688 0.008791310106721628 1.4372890517831625
OBSTBBOX 0.3278987456408986 0.16320146509623823 0.42280646042854464 0.18703829413859788 0.2149024089809815 0.4881719842195894
NCLOUD 0
CLOUD
KBOOL 1 1 1 0 1 1 1 1 1
KINT 1 1 15 2
KFLOAT 0.42562023255899095 0.9986479684500242 0.5 0.06622412625921337 3.1255181271934753 0.1 0.5 0.5 1.1651095842294639 5.0 0.6101319581282504 0.8102912019605311 5.0
PREDTIMES 0
PREDSAMP -1
GSPLANNER astar_heat
GSFLOAT 1.8781317739986207 0.06559607879720986 0.0 20.0 0.2 9.483301078853017 6.007545914756548
START 2 2 4
GOAL 21 26 4
INITG 0.1555618814903329
STARTVEL -0.1763785539627008 -0.029906988836667148 0.0322154893184734
MAXEXPAND 300000
DIM 24 29 8
SUCCESS 1
NPATH 25
PATH 2 2 4 3 3 4 4 4 4 5 5 4 6 6 4 7 7 4 8 8 4 9 9 4 10 10 4 11 11 4 12 12 4 13 13 4 14 14 4 15 15 4 16 16 4 17 17 4 18 18 4 19 19 4 20 20 4 20 21 4 20 22 4 20 23 4 21 24 4 21 25 4 21 26 4
PATHWORLD -3.0638819361690657 -3.942431090842319 1.611387965188139 -2.745828307180684 -3.6243774618539373 1.611387965188139 -2.4277746781923026 -3.306323832865556 1.611387965188139 -2.109721049203921 -2.9882702038771742 1.611387965188139 -1.7916674202155392 -2.6702165748887925 1.611387965188139 -1.4736137912271574 -2.3521629459004108 1.611387965188139 -1.1555601622387761 -2.0341093169120295 1.611387965188139 -0.8375065332503944 -1.7160556879236477 1.611387965188139 -0.5194529042620126 -1.398002058935266 1.611387965188139 -0.20139927527363088 -1.0799484299468842 1.611387965188139 0.11665435371475041 -0.7618948009585029 1.611387965188139 0.4347079827031326 -0.44384117197012074 1.611387965188139 0.7527616116915139 -0.12578754298173944 1.611387965188139 1.0708152406798952 0.19226608600664186 1.611387965188139 1.3888688696682774 0.510319714995024 1.611387965188139 1.7069224986566587 0.8283733439834053 1.611387965188139 2.02497612764504 1.1464269729717866 1.611387965188139 2.343029756633422 1.4644806019601688 1.611387965188139 2.6610833856218035 1.7825342309485501 1.611387965188139 2.6610833856218035 2.1005878599369323 1.611387965188139 2.6610833856218035 2.4186414889253136 1.611387965188139 2.6610833856218035 2.736695117913695 1.611387965188139 2.9791370146101857 3.054748746902077 1.611387965188139 2.9791370146101857 3.3728023758904593 1.611387965188139 2.9791370146101857 3.6908560048788397 1.611387965188139
END
CASE
RES 0.33276581338610967
PARAMS 27.0 18.0 8.0 0.41663952331024556 0.41574903573428745 1.448305586838304 0.0 3.0 0.15848340355235993 2.042908615392207
NOBST 1
OBSTPOS -0.7724753566940339 0.16369521846354274 1.59434027257461
OBSTBBOX 0.17276970015284315 0.2602639366115396 0.21719191337967106
NCLOUD 0
CLOUD
KBOOL 1 1 1 0 1 1 1 1 0
KINT 1 3 15 2
KFLOAT 0.2185244954055762 1.2881877046334294 0.5 0.022465862522799834 2.7763651086920964 0.1 0.5 0.5 0.6728922280009143 5.0 0.9238097186149652 0.7742149038919526 5.0
PREDTIMES 0
PREDSAMP -1
GSPLANNER sastar
GSFLOAT 1.2438171467007255 0.4304861143119981 0.0 20.0 0.2 4.520641075618305 3.8290339278254613
START 2 2 4
GOAL 27 18 4
INITG 0.40743566922199914
STARTVEL 0.2919823411964481 0.01507394114194871 0.06372743805623599
MAXEXPAND 300000
DIM 30 21 8
SUCCESS 1
NPATH 26
PATH 2 2 4 3 3 4 4 4 4 5 5 4 6 6 4 7 6 4 8 6 4 9 6 4 10 6 4 11 7 4 12 7 4 13 7 4 14 8 4 15 9 4 16 10 4 17 11 4 18 11 4 19 11 4 20 12 4 21 13 4 22 14 4 23 15 4 24 16 4 25 17 4 26 17 4 27 18 4
PATHWORLD -3.742933144016125 -2.24637747135459 1.6146884935313588 -3.4101673306300153 -1.91361165796848 1.6146884935313588 -3.0774015172439055 -1.5808458445823703 1.6146884935313588 -2.7446357038577958 -1.2480800311962608 1.6146884935313588 -2.4118698904716864 -0.9153142178101512 1.6146884935313588 -2.0791040770855767 -0.9153142178101512 1.6146884935313588 -1.7463382636994669 -0.9153142178101512 1.6146884935313588 -1.413572450313357 -0.9153142178101512 1.6146884935313588 -1.0808066369272478 -0.9153142178101512 1.6146884935313588 -0.748040823541138 -0.5825484044240414 1.6146884935313588 -0.4152750101550282 -0.5825484044240414 1.6146884935313588 -0.08250919676891844 -0.5825484044240414 1.6146884935313588 0.25025661661719134 -0.24978259103793166 1.6146884935313588 0.5830224300033011 0.08298322234817812 1.6146884935313588 0.91578824338941 0.41574903573428745 1.6146884935313588 1.2485540567755198 0.7485148491203972 1.6146884935313588 1.5813198701616296 0.7485148491203972 1.6146884935313588 1.9140856835477393 0.7485148491203972 1.6146884935313588 2.246851496933849 1.081280662506507 1.6146884935313588 2.579617310319959 1.4140464758926168 1.6146884935313588 2.9123831237060687 1.7468122892787266 1.6146884935313588 3.2451489370921784 2.0795781026648363 1.6146884935313588 3.5779147504782873 2.4123439160509452 1.6146884935313588 3.910680563864398 2.745109729437055 1.6146884935313588 4.243446377250507 2.745109729437055 1.6146884935313588 4.5762121906366175 3.077875542823165 1.6146884935313588
END
CASE
RES 0.2814236270834307
PARAMS 21.0 25.0 7.0 0.1813278570527026 -0.22668294145644585 1.7240368547759584 0.0 3.0 0.21829938847753513 2.145533861097606
NOBST 3
OBSTPOS 0.1631022594733591 -0.73352541667595 1.0179431396177723 0.8389061612429187 0.14224343621793567 1.658692051136974 0.6190050041494282 0.2941520071101933 1.3213221511681343
OBSTBBOX 0.32833657897806834 0.3615491822703803 0.4006745102424242 0.23703843123479887 0.29153805240466535 0.273428936116413 0.2827685748638048 0.3468742002880082 0.25707183536053513
NCLOUD 0
CLOUD
KBOOL 1 1 1 0 1 1 1 1 0
KINT 1 1 15 2
KFLOAT 0.36125324996229424 1.3928506357941326 0.5 0.15655961399796922 3.3359551186353826 0.1 0.5 0.5 0.7186804090662305 5.0 0.8239524398227169 0.4720332946122986 5.0
PREDTIMES 0
PREDSAMP -1
GSPLANNER sastar
GSFLOAT 1.2510165633853765 0.3051658259161078 0.0 20.0 0.2 6.616098005968163 4.985066646666818
START 2 2 3
GOAL 22 26 3
INITG 0.8910808882571746
STARTVEL -0.2680342984337506 0.06125695326222752 -0.18010876771056666
MAXEXPAND 300000
DIM 25 29 6
SUCCESS 1
NPATH 27
PATH 2 2 3 2 3 3 2 4 3 2 5 3 2 6 3 2 7 3 2 8 3 3 9 3 4 10 3 5 11 3 6 12 3 7 13 3 8 14 3 9 15 3 10 16 3 11 17 3 12 18 3 13 19 3 14 20 3 15 21 3 16 22 3 17 23 3 18 24 3 19 25 3 20 25 3 21 25 3 22 26 3
PATHWORLD -2.6329084137816046 -3.603766466457614 1.8647486683176737 -2.6329084137816046 -3.3223428393741834 1.8647486683176737 -2.6329084137816046 -3.0409192122907527 1.8647486683176737 -2.6329084137816046 -2.759495585207322 1.8647486683176737 -2.6329084137816046 -2.4780719581238912 1.8647486683176737 -2.6329084137816046 -2.1966483310404605 1.8647486683176737 -2.6329084137816046 -1.9152247039570298 1.8647486683176737 -2.351484786698174 -1.633801076873599 1.8647486683176737 -2.070061159614743 -1.3523774497901684 1.8647486683176737 -1.7886375325313124 -1.0709538227067377 1.8647486683176737 -1.5072139054478817 -0.789530195623307 1.8647486683176737 -1.225790278364451 -0.5081065685398762 1.8647486683176737 -0.9443666512810203 -0.22668294145644552 1.8647486683176737 -0.6629430241975895 0.0547406856269852 1.8647486683176737 -0.38151939711415883 0.3361643127104159 1.8647486683176737 -0.10009577003072812 0.6175879397938466 1.8647486683176737 0.1813278570527026 0.8990115668772773 1.8647486683176737 0.4627514841361333 1.180435193960708 1.8647486683176737 0.744175111219564 1.4618588210441388 1.8647486683176737 1.0255987383029948 1.7432824481275695 1.8647486683176737 1.3070223653864255 2.024706075211 1.8647486683176737 1.5884459924698562 2.306129702294431 1.8647486683176737 1.869869619553287 2.5875533293778616 1.8647486683176737 2.1512932466367176 2.8689769564612924 1.8647486683176737 2.4327168737201483 2.8689769564612924 1.8647486683176737 2.714140500803579 2.8689769564612924 1.8647486683176737 2.9955641278870098 3.150400583544723 1.8647486683176737
END
CASE
RES 0.27315017964168636
PARAMS 24.0 25.0 8.0 0.3580759347348821 0.18349354492425807 1.013759047811629 0.0 3.0 0.30583881130840873 2.690097246746416
NOBST 2
OBSTPOS -0.16378463432425172 -0.6958912225206415 1.3862525733215005 0.2383427934119402 -0.4207097523057459 1.1563613246573698
OBSTBBOX 0.18544868040239829 0.35695995608503406 0.22080813862302973 0.284042522597226 0.39799738627817616 0.4664060307505272
NCLOUD 0
CLOUD
KBOOL 1 1 1 0 1 1 1 1 1
KINT 2 2 15 2
KFLOAT 0.4148187784082874 1.0141859631114192 0.5 0.0645856663692238 3.364001196781407 0.1 0.5 0.5 1.4840054402946279 5.0 1.1844463794363111 0.43211555786165606 5.0
PREDTIMES 0
PREDSAMP -1
GSPLANNER sastar
GSFLOAT 1.006283044363652 0.03316353240219155 0.0 20.0 0.2 7.330748206122271 6.89613089259994
START 2 2 3
GOAL 27 28 3
INITG 0.5137791363561707
STARTVEL 0.16496914911928623 0.028261204773436188 0.12735622095078253
MAXEXPAND 300000
DIM 30 31 7
SUCCESS 1
NPATH 27
PATH 2 2 3 3 3 3 4 4 3 5 5 3 6 6 3 7 7 3 8 8 3 9 9 3 10 10 3 11 11 3 12 12 3 13 13 3 14 14 3 15 15 3 16 16 3 17 17 3 18 18 3 19 19 3 20 20 3 21 21 3 22 22 3 23 23 3 24 24 3 25 25 3 26 26 3 26 27 3 27 28 3
PATHWORLD -3.056301310786197 -3.3674587904176647 1.150334137632472 -2.783151131144511 -3.0943086107759785 1.150334137632472 -2.5100009515028248 -2.8211584311342923 1.150334137632472 -2.236850771861138 -2.5480082514926057 1.150334137632472 -1.963700592219452 -2.2748580718509195 1.150334137632472 -1.6905504125777657 -2.0017078922092333 1.150334137632472 -1.417400232936079 -1.7285577125675466 1.150334137632472 -1.1442500532943929 -1.4554075329258604 1.150334137632472 -0.8710998736527067 -1.1822573532841743 1.150334137632472 -0.59794969401102 -0.9091071736424876 1.150334137632472 -0.32479951436933385 -0.6359569940008014 1.150334137632472 -0.05164933472764721 -0.36280681435911477 1.150334137632472 0.22150084491403899 -0.08965663471742857 1.150334137632472 0.4946510245557256 0.18349354492425807 1.150334137632472 0.7678012041974114 0.4566437245659438 1.150334137632472 1.040951383839098 0.7297939042076305 1.150334137632472 1.3141015634807847 1.002944083849317 1.150334137632472 1.5872517431224704 1.2760942634910029 1.150334137632472 1.860401922764157 1.5492444431326895 1.150334137632472 2.1335521024058437 1.8223946227743761 1.150334137632472 2.4067022820475295 2.095544802416062 1.150334137632472 2.679852461689216 2.3686949820577485 1.150334137632472 2.9530026413309027 2.641845161699435 1.150334137632472 3.2261528209725894 2.914995341341122 1.150334137632472 3.499303000614275 3.1881455209828076 1.150334137632472 3.499303000614275 3.461295700624494 1.150334137632472 3.7724531802559618 3.734445880266181 1.150334137632472
END
CASE
RES 0.30347562038900533
PARAMS 20.0 25.0 11.0 -0.0037723986291717804 0.04286762068405214 1.1566299450031312 0.0 3.0 0.23892273338915598 2.4145661046983387
NOBST 1
OBSTPOS 0.14486171391841873 0.02128456266949086 1.405875415155142
OBSTBBOX 0.2820256671887673 0.15589398858627146 0.25499962814272353
NCLOUD 0
CLOUD
KBOOL 1 1 1 0 1 1 1 1 1
KINT 1 2 15 2
KFLOAT 0.34279744985643645 0.9421706908203831 0.5 0.13212795029424892 2.174421352354068 0.1 0.5 0.5 1.1583353158541931 5.0 1.1161110416219708 0.76976250180528 5.0
PREDTIMES 0
PREDSAMP -1
GSPLANNER sastar
GSFLOAT 1.9871708576061797 0.11013349060128108 0.0 20.0 0.2 11.39718748743681 3.183547081610756
START 2 2 4
GOAL 21 26 4
INITG 0.7784100123545655
STARTVEL -0.05496835076621487 0.22626825429372738 -0.039286257128647195
MAXEXPAND 300000
DIM 24 29 8
SUCCESS 1
NPATH 25
PATH 2 2 4 3 3 4 4 4 4 5 5 4 6 6 4 7 7 4 8 8 4 9 9 4 10 10 4 11 11 4 12 12 4 13 13 4 14 14 4 15 15 4 16 16 4 17 17 4 18 18 4 19 19 4 20 20 4 20 21 4 20 22 4 20 23 4 21 24 4 21 25 4 21 26 4
PATHWORLD -2.8867907923247222 -3.598839823984012 1.611843375586639 -2.583315171935717 -3.295364203595007 1.611843375586639 -2.2798395515467114 -2.991888583206001 1.611843375586639 -1.9763639311577061 -2.688412962816996 1.611843375586639 -1.672888310768701 -2.3849373424279907 1.611843375586639 -1.3694126903796957 -2.0814617220389855 1.611843375586639 -1.06593706999069 -1.7779861016499798 1.611843375586639 -0.7624614496016848 -1.4745104812609746 1.611843375586639 -0.4589858292126796 -1.1710348608719694 1.611843375586639 -0.1555102088236744 -0.8675592404829642 1.611843375586639 0.14796541156533127 -0.5640836200939585 1.611843375586639 0.45144103195433605 -0.26060799970495374 1.611843375586639 0.7549166523433417 0.04286762068405192 1.611843375586639 1.0583922727323474 0.3463432410730576 1.611843375586639 1.3618678931213521 0.6498188614620624 1.611843375586639 1.6653435135103578 0.953294481851068 1.611843375586639 1.9688191338993635 1.2567701022400737 1.611843375586639 2.2722947542883682 1.5602457226290785 1.611843375586639 2.575770374677374 1.8637213430180841 1.611843375586639 2.575770374677374 2.167196963407089 1.611843375586639 2.575770374677374 2.4706725837960946 1.611843375586639 2.575770374677374 2.7741482041851 1.611843375586639 2.8792459950663787 3.077623824574105 1.611843375586639 2.8792459950663787 3.3810994449631107 1.611843375586639 2.8792459950663787 3.6845750653521154 1.611843375586639
END
CASE
RES 0.2744885623721182
PARAMS 29.0 18.0 9.0 0.2089817228173354 0.27198768874472334 1.652457554931278 0.0 3.0 0.3402270476544223 2.9723987853176768
NOBST 2
OBSTPOS -0.4592322591180744 0.18438032307057828 1.7858617300573287 0.7644099653673806 0.9145490222283057 1.5819868818524991
OBSTBBOX 0.28686130904935514 0.3620490012468187 0.4396688227547188 0.2042715029973461 0.3661779968481947 0.20617481782508235
NCLOUD 0
CLOUD
KBOOL 1 1 1 0 1 1 1 1 1
KINT 3 1 15 2
KFLOAT 0.3080905523039831 0.9710204410650151 0.5 0.13356151087520055 2.600840965812507 0.1 0.5 0.5 0.7857044136487134 5.0 0.6638370856208364 0.5584667878732643 5.0
PREDTIMES 0
PREDSAMP -1
GSPLANNER astar_heat
GSFLOAT 1.50156697439814 0.1662520432969833 0.0 20.0 0.2 6.648467836237863 4.992048484097689
START 2 2 4
GOAL 33 22 4
INITG 0.1351116180197286
STARTVEL 0.13455177460836681 0.22178071056232435 -0.14280015624197
MAXEXPAND 300000
DIM 36 25 8
SUCCESS 1
NPATH 32
PATH 2 2 4 3 3 4 4 4 4 5 5 4 6 6 4 7 7 4 8 7 4 9 7 4 10 7 4 11 7 4 12 7 4 13 7 4 14 7 4 15 7 4 16 8 4 17 8 4 18 9 4 19 10 4 20 10 4 21 11 4 22 12 4 23 13 4 24 14 4 25 15 4 26 16 4 27 17 4 28 18 4 29 19 4 30 20 4 31 21 4 32 21 4 33 22 4
PATHWORLD -4.045590993950497 -2.4728979349764586 1.7897018361173371 -3.7711024315783783 -2.1984093726043406 1.7897018361173371 -3.4966138692062603 -1.9239208102322225 1.7897018361173371 -3.2221253068341422 -1.6494322478601042 1.7897018361173371 -2.9476367444620237 -1.374943685487986 1.7897018361173371 -2.6731481820899057 -1.100455123115868 1.7897018361173371 -2.398659619717787 -1.100455123115868 1.7897018361173371 -2.124171057345669 -1.100455123115868 1.7897018361173371 -1.849682494973551 -1.100455123115868 1.7897018361173371 -1.5751939326014326 -1.100455123115868 1.7897018361173371 -1.3007053702293145 -1.100455123115868 1.7897018361173371 -1.026216807857196 -1.100455123115868 1.7897018361173371 -0.751728245485078 -1.100455123115868 1.7897018361173371 -0.47723968311295994 -1.100455123115868 1.7897018361173371 -0.20275112074084145 -0.8259665607437494 1.7897018361173371 0.07173744163127704 -0.8259665607437494 1.7897018361173371 0.34622600400339465 -0.5514779983716314 1.7897018361173371 0.6207145663755131 -0.2769894359995133 1.7897018361173371 0.8952031287476316 -0.2769894359995133 1.7897018361173371 1.1696916911197492 -0.0025008736273948173 1.7897018361173371 1.4441802534918677 0.27198768874472323 1.7897018361173371 1.7186688158639862 0.5464762511168417 1.7897018361173371 1.9931573782361038 0.8209648134889598 1.7897018361173371 2.2676459406082223 1.0954533758610778 1.7897018361173371 2.542134502980341 1.3699419382331963 1.7897018361173371 2.8166230653524584 1.6444305006053148 1.7897018361173371 3.091111627724577 1.9189190629774324 1.7897018361173371 3.3656001900966954 2.193407625349551 1.7897018361173371 3.640088752468814 2.4678961877216694 1.7897018361173371 3.9145773148409324 2.742384750093787 1.7897018361173371 4.189065877213049 2.742384750093787 1.7897018361173371 4.463554439585168 3.0168733124659055 1.7897018361173371
END
CASE
RES 0.2328318275266137
PARAMS 25.0 26.0 6.0 0.014001693376058166 -0.24415810655288583 1.0321505493513015 0.0 3.0 0.3056398797674558 1.633810355767339
NOBST 2
OBSTPOS -0.4484686719793889 -0.0848229132835856 1.1742228239443406 -0.04404784723794908 0.5710638864192457 1.4205921923570881
OBSTBBOX 0.24379149957614235 0.15877105360619717 0.2883798339474498 0.2126376422764604 0.3851542976918004 0.4458704776307409
NCLOUD 0
CLOUD
KBOOL 1 1 1 0 1 1 1 1 0
KINT 1 2 15 2
KFLOAT 0.286282393944015 1.0165925867550618 0.5 0.06710048329577611 1.5266149320320688 0.1 0.5 0.5 1.0720563844645072 5.0 0.8663746285865476 0.6661585674406953 5.0
PREDTIMES 0
PREDSAMP -1
GSPLANNER astar_heat
GSFLOAT 1.4152866274604765 0.17069223364042507 0.0 20.0 0.2 5.951708811892949 4.946273491732792
START 2 2 3
GOAL 29 30 3
INITG 0.4862924228424542
STARTVEL -0.1815535381982459 0.13452370988234208 0.12892032792886332
MAXEXPAND 300000
DIM 32 33 6
SUCCESS 1
NPATH 31
PATH 2 2 3 3 3 3 4 4 3 5 5 3 6 6 3 7 7 3 8 8 3 9 9 3 10 10 3 11 11 3 12 12 3 13 12 3 14 12 3 15 13 3 16 14 3 17 15 3 18 16 3 19 17 3 20 18 3 21 19 3 22 20 3 23 21 3 24 22 3 25 23 3 26 24 3 27 25 3 28 26 3 28 27 3 28 28 3 29 29 3 29 30 3
PATHWORLD -3.1292279782332266 -3.503803691925478 1.1485664631146082 -2.8963961507066127 -3.270971864398864 1.1485664631146082 -2.6635643231799992 -3.0381400368722504 1.1485664631146082 -2.4307324956533853 -2.8053082093456365 1.1485664631146082 -2.197900668126772 -2.572476381819023 1.1485664631146082 -1.965068840600158 -2.339644554292409 1.1485664631146082 -1.7322370130735445 -2.1068127267657957 1.1485664631146082 -1.4994051855469306 -1.8739808992391818 1.1485664631146082 -1.2665733580203171 -1.6411490717125683 1.1485664631146082 -1.0337415304937032 -1.4083172441859544 1.1485664631146082 -0.8009097029670897 -1.175485416659341 1.1485664631146082 -0.5680778754404758 -1.175485416659341 1.1485664631146082 -0.33524604791386237 -1.175485416659341 1.1485664631146082 -0.10241422038724846 -0.942653589132727 1.1485664631146082 0.130417607139365 -0.7098217616061135 1.1485664631146082 0.3632494346659785 -0.47698993407949963 1.1485664631146082 0.5960812621925928 -0.24415810655288617 1.1485664631146082 0.8289130897192063 -0.011326279026272701 1.1485664631146082 1.0617449172458198 0.22150554850034165 1.1485664631146082 1.2945767447724332 0.4543373760269551 1.1485664631146082 1.5274085722990476 0.6871692035535686 1.1485664631146082 1.760240399825661 0.920001031080182 1.1485664631146082 1.9930722273522745 1.1528328586067964 1.1485664631146082 2.225904054878888 1.3856646861334099 1.1485664631146082 2.4587358824055023 1.6184965136600233 1.1485664631146082 2.691567709932116 1.8513283411866368 1.1485664631146082 2.9243995374587293 2.084160168713251 1.1485664631146082 2.9243995374587293 2.3169919962398646 1.1485664631146082 2.9243995374587293 2.549823823766478 1.1485664631146082 3.1572313649853427 2.7826556512930916 1.1485664631146082 3.1572313649853427 3.015487478819706 1.1485664631146082
END
