CASE
RES 0.3
PARAMS 24.0 24.0 8.0 0.0 0.0 1.5 0.0 3.0 0.3 2.0
NOBST 1
OBSTPOS 0.5 0.0 1.5
OBSTBBOX 0.3 0.3 0.4
NCLOUD 0
CLOUD
KBOOL 1 1 1 0 1 1 1 1 1
KINT 2 2 15 2
KFLOAT 0.2 1.0 0.5 0.0 2.0 0.1 0.5 0.5 1.0 5.0 1.0 0.5 5.0
PREDTIMES 0
PREDSAMP -1
HGPPLANNER astar_heat
HGPFLOAT 0.0 0.0 20.0 0.2 0.5 10.0 10.0 5.0
LOSCELLS 2
MAXEXPAND 200000
EPS 1.0
START -3.3 0.0 1.65
STARTVEL 0.0 0.0 0.0
GOAL 3.3 0.0 1.65
DIM 29 29 8
SUCCESS 1
FINALG 6.895293076268424
NRAW 23
RAW -3.3 0.0 1.65 -3.0 0.0 1.65 -2.6999999999999997 0.0 1.65 -2.3999999999999995 0.0 1.65 -2.0999999999999996 0.0 1.95 -1.7999999999999998 0.0 2.25 -1.4999999999999996 0.0 2.55 -1.1999999999999997 0.0 2.55 -0.8999999999999999 0.0 2.55 -0.5999999999999996 0.0 2.55 -0.2999999999999998 0.0 2.55 0.0 0.0 2.55 0.2999999999999998 0.0 2.55 0.6000000000000005 0.0 2.55 0.9000000000000004 0.0 2.55 1.2000000000000002 0.0 2.55 1.5 0.0 2.55 1.7999999999999998 0.0 2.25 2.1000000000000005 0.0 2.25 2.4000000000000004 0.0 1.95 2.7 0.0 1.95 3.0 0.0 1.65 3.3 0.0 1.65
RAWCELL 3 14 4 4 14 4 5 14 4 6 14 4 7 14 5 8 14 6 9 14 7 10 14 7 11 14 7 12 14 7 13 14 7 14 14 7 15 14 7 16 14 7 17 14 7 18 14 7 19 14 7 20 14 6 21 14 6 22 14 5 23 14 5 24 14 4 25 14 4
NPROC 4
PROC -3.3 0.0 1.65 -0.2999999999999998 0.0 2.55 0.9000000000000004 0.0 2.55 3.3 0.0 1.65
PROCCELL 3 14 4 13 14 7 17 14 7 25 14 4
END
CASE
RES 0.25
PARAMS 30.0 28.0 10.0 0.2 -0.1 1.4 0.1 2.9 0.25 2.5
NOBST 3
OBSTPOS -0.6 0.4 1.3 0.8 -0.5 1.4 0.0 0.0 1.2
OBSTBBOX 0.25 0.25 0.3 0.3 0.2 0.4 0.2 0.3 0.25
NCLOUD 0
CLOUD
KBOOL 1 1 1 0 1 1 1 1 1
KINT 2 2 15 2
KFLOAT 0.2 1.0 0.5 0.1 2.0 0.1 0.5 0.5 1.0 5.0 1.0 0.5 5.0
PREDTIMES 0
PREDSAMP -1
HGPPLANNER astar_heat
HGPFLOAT 0.0 0.0 20.0 0.2 0.3 15.0 8.0 4.0
LOSCELLS 0
MAXEXPAND 300000
EPS 1.0
START -3.55 -3.5999999999999996 1.525
STARTVEL 0.1 0.2 0.0
GOAL 3.95 3.4000000000000004 1.525
DIM 35 33 10
SUCCESS 1
FINALG 10.318859830807742
NRAW 31
RAW -3.55 -3.5999999999999996 1.525 -3.3 -3.3499999999999996 1.525 -3.05 -3.0999999999999996 1.525 -2.8 -2.8499999999999996 1.525 -2.55 -2.5999999999999996 1.525 -2.3 -2.3499999999999996 1.525 -2.05 -2.0999999999999996 1.525 -1.7999999999999998 -1.8499999999999996 1.525 -1.5499999999999998 -1.5999999999999996 1.775 -1.2999999999999998 -1.3499999999999996 2.025 -1.0499999999999998 -1.0999999999999996 2.275 -0.7999999999999998 -0.8499999999999996 2.275 -0.5499999999999998 -0.5999999999999996 2.275 -0.2999999999999998 -0.34999999999999964 2.275 -0.04999999999999982 -0.09999999999999964 2.275 0.20000000000000018 0.15000000000000036 2.275 0.4500000000000002 0.40000000000000036 2.275 0.7000000000000002 0.6500000000000004 2.275 0.9500000000000002 0.9000000000000004 2.275 1.2000000000000002 1.1500000000000004 2.275 1.4500000000000002 1.4000000000000004 2.025 1.7000000000000002 1.4000000000000004 2.025 1.9500000000000002 1.4000000000000004 2.025 2.2 1.6500000000000004 2.025 2.45 1.9000000000000004 2.025 2.7 2.1500000000000004 2.025 2.95 2.4000000000000004 2.025 3.2 2.6500000000000004 1.775 3.45 2.9000000000000004 1.775 3.7 3.1500000000000004 1.525 3.95 3.4000000000000004 1.525
RAWCELL 2 2 5 3 3 5 4 4 5 5 5 5 6 6 5 7 7 5 8 8 5 9 9 5 10 10 6 11 11 7 12 12 8 13 13 8 14 14 8 15 15 8 16 16 8 17 17 8 18 18 8 19 19 8 20 20 8 21 21 8 22 22 7 23 22 7 24 22 7 25 23 7 26 24 7 27 25 7 28 26 7 29 27 6 30 28 6 31 29 5 32 30 5
NPROC 3
PROC -3.55 -3.5999999999999996 1.525 1.7000000000000002 1.4000000000000004 2.025 3.95 3.4000000000000004 1.525
PROCCELL 2 2 5 23 22 7 32 30 5
END
CASE
RES 0.3
PARAMS 22.0 22.0 8.0 0.0 0.0 1.2 0.0 2.5 0.3 2.0
NOBST 2
OBSTPOS 0.3 0.0 1.2 -0.4 0.5 1.1
OBSTBBOX 0.3 0.4 0.5 0.25 0.25 0.4
NCLOUD 0
CLOUD
KBOOL 1 1 1 0 1 1 1 1 0
KINT 2 2 15 2
KFLOAT 0.2 1.0 0.5 0.0 2.0 0.1 0.5 0.5 1.0 5.0 1.0 0.5 5.0
PREDTIMES 0
PREDSAMP -1
HGPPLANNER sastar
HGPFLOAT 0.0 0.0 20.0 0.2 0.4 12.0 10.0 5.0
LOSCELLS 1
MAXEXPAND 300000
EPS 1.0
START -3.0 -3.0 1.3499999999999999
STARTVEL 0.0 0.0 0.0
GOAL 3.0 3.0 1.3499999999999999
DIM 27 27 8
SUCCESS 1
FINALG 8.573139835113336
NRAW 21
RAW -3.0 -3.0 1.3499999999999999 -2.7 -2.7 1.3499999999999999 -2.4 -2.4 1.3499999999999999 -2.0999999999999996 -2.0999999999999996 1.3499999999999999 -1.7999999999999998 -1.7999999999999998 1.3499999999999999 -1.5 -1.5 1.3499999999999999 -1.1999999999999997 -1.1999999999999997 1.3499999999999999 -0.8999999999999999 -0.8999999999999999 1.3499999999999999 -0.6000000000000001 -0.6000000000000001 1.65 -0.2999999999999998 -0.2999999999999998 1.95 0.0 0.0 1.95 0.2999999999999998 0.2999999999999998 1.95 0.5999999999999996 0.5999999999999996 1.95 0.9000000000000004 0.9000000000000004 1.95 1.2000000000000002 1.2000000000000002 1.95 1.5 1.5 1.95 1.7999999999999998 1.7999999999999998 1.95 2.0999999999999996 2.0999999999999996 1.65 2.4000000000000004 2.4000000000000004 1.65 2.7 2.7 1.3499999999999999 3.0 3.0 1.3499999999999999
RAWCELL 3 3 4 4 4 4 5 5 4 6 6 4 7 7 4 8 8 4 9 9 4 10 10 4 11 11 5 12 12 6 13 13 6 14 14 6 15 15 6 16 16 6 17 17 6 18 18 6 19 19 6 20 20 5 21 21 5 22 22 4 23 23 4
NPROC 3
PROC -3.0 -3.0 1.3499999999999999 0.5999999999999996 0.5999999999999996 1.95 3.0 3.0 1.3499999999999999
PROCCELL 3 3 4 15 15 6 23 23 4
END
CASE
RES 0.3
PARAMS 16.0 16.0 6.0 0.0 0.0 1.5 0.0 3.0 0.3 2.0
NOBST 0
OBSTPOS
OBSTBBOX
NCLOUD 0
CLOUD
KBOOL 1 1 1 0 1 1 1 1 1
KINT 2 2 15 2
KFLOAT 0.2 1.0 0.5 0.0 2.0 0.1 0.5 0.5 1.0 5.0 1.0 0.5 5.0
PREDTIMES 0
PREDSAMP -1
HGPPLANNER astar_heat
HGPFLOAT 0.0 0.0 20.0 0.2 0.5 10.0 10.0 5.0
LOSCELLS 2
MAXEXPAND 100000
EPS 1.0
START 0.0 0.0 1.6500000000000001
STARTVEL 0.0 0.0 0.0
GOAL 0.0 0.0 1.6500000000000001
DIM 21 21 6
SUCCESS 1
FINALG 0.0
NRAW 1
RAW 0.0 0.0 1.6500000000000001
RAWCELL 10 10 3
NPROC 2
PROC 0.0 0.0 1.6500000000000001 0.0 0.0 1.6500000000000001
PROCCELL 10 10 3 10 10 3
END
CASE
RES 0.3
PARAMS 26.0 26.0 8.0 0.0 0.0 1.2 0.0 2.5 0.3 2.0
NOBST 1
OBSTPOS 0.0 0.0 1.2
OBSTBBOX 0.4 0.4 0.5
NCLOUD 0
CLOUD
KBOOL 1 1 1 0 1 1 1 1 1
KINT 2 2 15 2
KFLOAT 0.2 1.0 0.5 0.0 2.0 0.1 0.5 0.5 1.0 5.0 1.0 0.5 5.0
PREDTIMES 0
PREDSAMP -1
HGPPLANNER astar_heat
HGPFLOAT 0.0 0.0 20.0 0.2 0.5 10.0 10.0 5.0
LOSCELLS 2
MAXEXPAND 40
EPS 1.0
START -3.8999999999999995 -3.8999999999999995 1.3499999999999999
STARTVEL 0.0 0.0 0.0
GOAL 3.8999999999999995 3.8999999999999995 1.3499999999999999
DIM 31 31 8
SUCCESS 0
FINALG 4.242640687119285
NRAW 11
RAW -3.8999999999999995 -3.8999999999999995 1.3499999999999999 -3.5999999999999996 -3.5999999999999996 1.3499999999999999 -3.3 -3.3 1.3499999999999999 -2.9999999999999996 -2.9999999999999996 1.3499999999999999 -2.6999999999999993 -2.6999999999999993 1.3499999999999999 -2.3999999999999995 -2.3999999999999995 1.3499999999999999 -2.0999999999999996 -2.0999999999999996 1.3499999999999999 -1.7999999999999994 -1.7999999999999994 1.3499999999999999 -1.4999999999999996 -1.4999999999999996 1.3499999999999999 -1.1999999999999997 -1.1999999999999997 1.3499999999999999 -0.8999999999999995 -0.8999999999999995 1.3499999999999999
RAWCELL 2 2 4 3 3 4 4 4 4 5 5 4 6 6 4 7 7 4 8 8 4 9 9 4 10 10 4 11 11 4 12 12 4
NPROC 2
PROC -3.8999999999999995 -3.8999999999999995 1.3499999999999999 -0.8999999999999995 -0.8999999999999995 1.3499999999999999
PROCCELL 2 2 4 12 12 4
END
CASE
RES 0.3
PARAMS 24.0 24.0 8.0 0.0 0.0 1.4 0.0 2.8 0.3 2.0
NOBST 1
OBSTPOS 0.4 0.4 1.4
OBSTBBOX 0.3 0.3 0.4
NCLOUD 0
CLOUD
KBOOL 1 1 1 0 1 1 1 1 1
KINT 2 2 15 2
KFLOAT 0.2 1.0 0.5 0.0 2.0 0.1 0.5 0.5 1.0 5.0 1.0 0.5 5.0
PREDTIMES 0
PREDSAMP -1
HGPPLANNER astar_heat
HGPFLOAT 0.5 0.0 20.0 0.2 0.6 20.0 6.0 5.0
LOSCELLS 3
MAXEXPAND 300000
EPS 1.5
START -3.3 3.3 1.5499999999999998
STARTVEL 0.3 -0.2 0.0
GOAL 3.3 -3.3 1.5499999999999998
DIM 29 29 8
SUCCESS 1
FINALG 9.343905317103033
NRAW 24
RAW -3.3 3.3 1.5499999999999998 -3.0 3.0 1.5499999999999998 -2.6999999999999997 2.7 1.5499999999999998 -2.3999999999999995 2.4000000000000004 1.5499999999999998 -2.0999999999999996 2.1000000000000005 1.5499999999999998 -1.7999999999999998 1.7999999999999998 1.5499999999999998 -1.4999999999999996 1.5 1.5499999999999998 -1.1999999999999997 1.2000000000000002 1.5499999999999998 -0.8999999999999999 0.9000000000000004 1.5499999999999998 -0.8999999999999999 0.6000000000000005 1.5499999999999998 -0.5999999999999996 0.2999999999999998 1.5499999999999998 -0.2999999999999998 0.0 1.5499999999999998 0.0 -0.2999999999999998 1.5499999999999998 0.2999999999999998 -0.5999999999999996 1.5499999999999998 0.6000000000000005 -0.8999999999999999 1.5499999999999998 0.9000000000000004 -1.1999999999999997 1.5499999999999998 1.2000000000000002 -1.4999999999999996 1.5499999999999998 1.5 -1.7999999999999998 1.5499999999999998 1.7999999999999998 -2.0999999999999996 1.5499999999999998 2.1000000000000005 -2.3999999999999995 1.5499999999999998 2.4000000000000004 -2.6999999999999997 1.5499999999999998 2.7 -3.0 1.5499999999999998 3.0 -3.3 1.5499999999999998 3.3 -3.3 1.5499999999999998
RAWCELL 3 25 4 4 24 4 5 23 4 6 22 4 7 21 4 8 20 4 9 19 4 10 18 4 11 17 4 11 16 4 12 15 4 13 14 4 14 13 4 15 12 4 16 11 4 17 10 4 18 9 4 19 8 4 20 7 4 21 6 4 22 5 4 23 4 4 24 3 4 25 3 4
NPROC 4
PROC -3.3 3.3 1.5499999999999998 -0.2999999999999998 0.0 1.5499999999999998 0.0 -0.2999999999999998 1.5499999999999998 3.3 -3.3 1.5499999999999998
PROCCELL 3 25 4 13 14 4 14 13 4 25 3 4
END
CASE
RES 0.3
PARAMS 24.0 24.0 8.0 0.0 0.0 1.5 0.0 3.0 0.3 2.0
NOBST 1
OBSTPOS 0.2 0.2 1.5
OBSTBBOX 0.25 0.25 0.4
NCLOUD 0
CLOUD
KBOOL 1 1 1 0 1 1 1 1 1
KINT 2 2 15 2
KFLOAT 0.2 1.0 0.5 0.0 2.0 0.1 0.5 0.5 1.0 5.0 1.0 0.5 5.0
PREDTIMES 0
PREDSAMP -1
HGPPLANNER astar_heat
HGPFLOAT 0.0 0.0 20.0 0.2 0.45 10.0 10.0 5.0
LOSCELLS 2
MAXEXPAND 300000
EPS 1.0
START -2.93 -3.05 1.68
STARTVEL 0.0 0.0 0.0
GOAL 2.94 3.04 1.63
DIM 29 29 8
SUCCESS 1
FINALG 8.691886096470038
NRAW 21
RAW -2.93 -3.05 1.68 -2.6999999999999997 -2.6999999999999997 1.65 -2.3999999999999995 -2.3999999999999995 1.65 -2.0999999999999996 -2.0999999999999996 1.65 -1.7999999999999998 -1.7999999999999998 1.65 -1.4999999999999996 -1.4999999999999996 1.65 -1.1999999999999997 -1.1999999999999997 1.95 -0.8999999999999999 -0.8999999999999999 2.25 -0.5999999999999996 -0.5999999999999996 2.55 -0.2999999999999998 -0.2999999999999998 2.55 0.0 0.0 2.55 0.2999999999999998 0.2999999999999998 2.55 0.6000000000000005 0.6000000000000005 2.55 0.9000000000000004 0.9000000000000004 2.55 1.2000000000000002 1.2000000000000002 2.55 1.5 1.5 2.25 1.7999999999999998 1.7999999999999998 2.25 2.1000000000000005 2.1000000000000005 1.95 2.4000000000000004 2.4000000000000004 1.95 2.7 2.7 1.65 2.94 3.04 1.63
RAWCELL 4 4 4 5 5 4 6 6 4 7 7 4 8 8 4 9 9 4 10 10 5 11 11 6 12 12 7 13 13 7 14 14 7 15 15 7 16 16 7 17 17 7 18 18 7 19 19 6 20 20 6 21 21 5 22 22 5 23 23 4 24 24 4
NPROC 4
PROC -2.93 -3.05 1.68 -0.5999999999999996 -0.5999999999999996 2.55 0.6000000000000005 0.6000000000000005 2.55 2.94 3.04 1.63
PROCCELL 4 4 4 12 12 7 16 16 7 24 24 4
END
CASE
RES 0.32359512090254783
PARAMS 19.0 18.0 10.0 -0.45058416367756726 -0.11236432195608748 1.313074685965892 0.0 3.0 0.27842376813187036 2.1064130169519197
NOBST 1
OBSTPOS 0.9277777346125979 -0.6076980382530095 1.5868680216256172
OBSTBBOX 0.16438100028652092 0.15206416528806366 0.27281259478169767
NCLOUD 0
CLOUD
KBOOL 1 1 1 0 1 1 1 1 1
KINT 1 2 15 2
KFLOAT 0.3497926828862338 1.1884007185799648 0.5 0.08200446346056087 1.785660953717996 0.1 0.5 0.5 0.7786198742406694 5.0 0.6851599861412103 0.6001145473259943 5.0
PREDTIMES 0
PREDSAMP -1
HGPPLANNER astar_heat
HGPFLOAT 0.4128953532651706 0.0 20.0 0.2 0.2984362129980798 11.609355769860102 8.154944413010858 5.809542017180024
LOSCELLS 3
MAXEXPAND 300000
EPS 1.8486077464620825
START -3.5958826993393775 -2.990291383367802 1.385937667476771
STARTVEL 0.26538727346725705 0.027094033711169252 -0.07085872852499517
GOAL 2.6312468849743 2.8429914337539612 1.5514486207379583
DIM 24 23 9
SUCCESS 1
FINALG 8.606880941154161
NRAW 20
RAW -3.5958826993393775 -2.990291383367802 1.385937667476771 -3.201142691349224 -2.70112528917647 1.4748722464171657 -2.8775475704466764 -2.3775301682739225 1.4748722464171657 -2.5539524495441284 -2.0539350473713744 1.4748722464171657 -2.2303573286415808 -1.7303399264688268 1.4748722464171657 -1.9067622077390327 -1.4067448055662788 1.4748722464171657 -1.583167086836485 -1.0831496846637312 1.4748722464171657 -1.259571965933937 -0.7595545637611831 1.4748722464171657 -0.9359768450313894 -0.4359594428586355 1.4748722464171657 -0.6123817241288414 -0.11236432195608748 1.4748722464171657 -0.2887866032262938 0.21123079894646013 1.4748722464171657 0.034808517676253814 0.5348259198490077 1.4748722464171657 0.3584036385788023 0.8584210407515562 1.4748722464171657 0.6819987594813499 1.1820161616541038 1.4748722464171657 1.0055938803838975 1.5056112825566514 1.4748722464171657 1.3291890012864451 1.829206403459199 1.4748722464171657 1.6527841221889936 2.1528015243617475 1.4748722464171657 1.9763792430915412 2.476396645264295 1.4748722464171657 2.299974363994089 2.7999917661668428 1.4748722464171657 2.6312468849743 2.8429914337539612 1.5514486207379583
RAWCELL 2 2 4 3 3 4 4 4 4 5 5 4 6 6 4 7 7 4 8 8 4 9 9 4 10 10 4 11 11 4 12 12 4 13 13 4 14 14 4 15 15 4 16 16 4 17 17 4 18 18 4 19 19 4 20 20 4 21 20 4
NPROC 3
PROC -3.5958826993393775 -2.990291383367802 1.385937667476771 2.299974363994089 2.7999917661668428 1.4748722464171657 2.6312468849743 2.8429914337539612 1.5514486207379583
PROCCELL 2 2 4 20 20 4 21 20 4
END
CASE
RES 0.2332055038011286
PARAMS 29.0 29.0 6.0 -0.19872210603759177 -0.07902287352500492 1.5626874090425908 0.0 3.0 0.3479150533787517 2.884161704445565
NOBST 2
OBSTPOS -0.42010326648181695 -0.006470955121271826 1.4953096743130097 -0.806133413316382 0.7981498566656948 1.7058210622009655
OBSTBBOX 0.21337627380684385 0.38201707437529453 0.48047847664576665 0.28161145055440795 0.3437363287356498 0.2629111978909099
NCLOUD 0
CLOUD
KBOOL 1 1 1 0 1 1 1 1 0
KINT 3 1 15 2
KFLOAT 0.22437760321308559 1.145967776775945 0.5 0.05459878275261787 2.83576030829695 0.1 0.5 0.5 0.7605428788160161 5.0 0.8377133786696774 0.568397196470753 5.0
PREDTIMES 0
PREDSAMP -1
HGPPLANNER sastar
HGPFLOAT 0.3744351049851839 0.0 20.0 0.2 0.49327468154090226 8.991639628509809 8.330226327934918 3.4360680734883218
LOSCELLS 1
MAXEXPAND 300000
EPS 1.7912965544478394
START -3.9976893982563695 -3.770325690181274 1.6414834156307905
STARTVEL -0.15232183683883296 -0.12658927569606163 -0.18447232034347336
GOAL 3.5056045603462302 3.7183984618317885 1.6756198676158962
DIM 37 37 6
SUCCESS 1
FINALG 10.751398476953852
NRAW 38
RAW -3.9976893982563695 -3.770325690181274 1.6414834156307905 -3.6968046630545213 -3.5771054305419336 1.6792901609431552 -3.4635991592533926 -3.343899926740805 1.6792901609431552 -3.2303936554522643 -3.1106944229396767 1.6792901609431552 -2.9971881516511356 -2.877488919138548 1.6792901609431552 -2.763982647850007 -2.6442834153374193 1.6792901609431552 -2.530777144048878 -2.4110779115362906 1.6792901609431552 -2.2975716402477495 -2.177872407735162 1.6792901609431552 -2.0643661364466213 -1.9446669039340336 1.6792901609431552 -1.8311606326454926 -1.711461400132905 1.6792901609431552 -1.5979551288443639 -1.4782558963317762 1.6792901609431552 -1.3647496250432352 -1.2450503925306475 1.6792901609431552 -1.131544121242107 -1.0118448887295193 1.6792901609431552 -0.8983386174409782 -0.7786393849283906 1.6792901609431552 -0.6651331136398495 -0.7786393849283906 1.6792901609431552 -0.4319276098387208 -0.7786393849283906 1.6792901609431552 -0.1987221060375921 -0.7786393849283906 1.6792901609431552 0.034483397763536594 -0.7786393849283906 1.6792901609431552 0.2676889015646644 -0.7786393849283906 1.6792901609431552 0.5008944053657931 -0.5454338811272619 1.6792901609431552 0.7340999091669218 -0.3122283773261332 1.6792901609431552 0.9673054129680505 -0.07902287352500448 1.6792901609431552 1.2005109167691792 0.15418263027612422 1.6792901609431552 1.433716420570308 0.38738813407725203 1.6792901609431552 1.6669219243714366 0.6205936378783807 1.6792901609431552 1.9001274281725653 0.8537991416795094 1.6792901609431552 2.133332931973693 1.0870046454806381 1.6792901609431552 2.366538435774822 1.3202101492817668 1.6792901609431552 2.5997439395759505 1.5534156530828955 1.6792901609431552 2.832949443377079 1.7866211568840242 1.6792901609431552 3.066154947178208 2.019826660685153 1.6792901609431552 3.066154947178208 2.2530321644862807 1.6792901609431552 3.066154947178208 2.4862376682874094 1.6792901609431552 3.2993604509793366 2.719443172088538 1.6792901609431552 3.2993604509793366 2.952648675889667 1.6792901609431552 3.2993604509793366 3.1858541796907955 1.6792901609431552 3.5325659547804644 3.4190596834919242 1.6792901609431552 3.5056045603462302 3.7183984618317885 1.6756198676158962
RAWCELL 2 2 3 3 3 3 4 4 3 5 5 3 6 6 3 7 7 3 8 8 3 9 9 3 10 10 3 11 11 3 12 12 3 13 13 3 14 14 3 15 15 3 16 15 3 17 15 3 18 15 3 19 15 3 20 15 3 21 16 3 22 17 3 23 18 3 24 19 3 25 20 3 26 21 3 27 22 3 28 23 3 29 24 3 30 25 3 31 26 3 32 27 3 32 28 3 32 29 3 33 30 3 33 31 3 33 32 3 34 33 3 34 34 3
NPROC 3
PROC -3.9976893982563695 -3.770325690181274 1.6414834156307905 0.5008944053657931 -0.5454338811272619 1.6792901609431552 3.5056045603462302 3.7183984618317885 1.6756198676158962
PROCCELL 2 2 3 21 16 3 34 34 3
END
CASE
RES 0.3302756513637117
PARAMS 21.0 27.0 10.0 -0.2578939117157706 -0.4031574585615174 1.4762174056569084 0.0 3.0 0.2530444370105254 2.590413113690098
NOBST 1
OBSTPOS 0.21738238752452754 -0.8410100768077413 1.4626936339945429
OBSTBBOX 0.18348252673889795 0.37085625915718323 0.34990033145530025
NCLOUD 0
CLOUD
KBOOL 1 1 1 0 1 1 1 1 0
KINT 3 1 15 2
KFLOAT 0.35265233722360134 0.8586806437640653 0.5 0.15819471560705045 1.981689579413255 0.1 0.5 0.5 0.8072584819563653 5.0 0.7462902880204353 0.4325400672261441 5.0
PREDTIMES 0
PREDSAMP -1
HGPPLANNER sastar
HGPFLOAT 0.17010785784701782 0.0 20.0 0.2 0.38176649379265726 19.988434765987293 7.713376163061485 5.271357559493701
LOSCELLS 1
MAXEXPAND 300000
EPS 1.2389506557539542
START -3.6245964286773957 -4.777466068852298 1.6813217846910666
STARTVEL 0.19651348182449213 -0.13158156340444493 -0.1456356052596779
GOAL 2.968733630379526 3.8053295849784528 1.7058263576356518
DIM 25 31 8
SUCCESS 1
FINALG 10.835674324530704
NRAW 27
RAW -3.6245964286773957 -4.777466068852298 1.6813217846910666 -3.2303747739891753 -4.366465274926058 1.6413552313387643 -2.9000991226254635 -4.036189623562346 1.6413552313387643 -2.569823471261752 -3.7059139721986343 1.6413552313387643 -2.2395478198980405 -3.375638320834923 1.6413552313387643 -1.9092721685343288 -3.0453626694712113 1.6413552313387643 -1.578996517170617 -2.7150870181074995 1.6413552313387643 -1.2487208658069053 -2.384811366743788 1.6413552313387643 -0.9184452144431936 -2.054535715380076 1.6413552313387643 -0.5881695630794819 -1.7242600640163643 1.6413552313387643 -0.5881695630794819 -1.393984412652653 1.6413552313387643 -0.5881695630794819 -1.0637087612889413 1.6413552313387643 -0.5881695630794819 -0.7334331099252296 1.6413552313387643 -0.5881695630794819 -0.40315745856151786 1.6413552313387643 -0.5881695630794819 -0.07288180719780613 1.6413552313387643 -0.2578939117157706 0.2573938441659056 1.6413552313387643 0.07238173964794115 0.5876694955296173 1.6413552313387643 0.4026573910116529 0.9179451468933291 1.6413552313387643 0.7329330423753646 1.2482207982570408 1.6413552313387643 1.0632086937390763 1.5784964496207525 1.6413552313387643 1.393484345102788 1.9087721009844643 1.6413552313387643 1.7237599964664998 2.239047752348176 1.6413552313387643 2.0540356478302115 2.5693234037118877 1.6413552313387643 2.3843112991939233 2.8995990550755995 1.6413552313387643 2.714586950557635 3.229874706439311 1.6413552313387643 3.0448626019213467 3.560150357803023 1.6413552313387643 2.968733630379526 3.8053295849784528 1.7058263576356518
RAWCELL 2 2 4 3 3 4 4 4 4 5 5 4 6 6 4 7 7 4 8 8 4 9 9 4 10 10 4 11 11 4 11 12 4 11 13 4 11 14 4 11 15 4 11 16 4 12 17 4 13 18 4 14 19 4 15 20 4 16 21 4 17 22 4 18 23 4 19 24 4 20 25 4 21 26 4 22 27 4 22 28 4
NPROC 3
PROC -3.6245964286773957 -4.777466068852298 1.6813217846910666 -0.5881695630794819 -0.40315745856151786 1.6413552313387643 2.968733630379526 3.8053295849784528 1.7058263576356518
PROCCELL 2 2 4 11 15 4 22 28 4
END
CASE
RES 0.2660304315217795
PARAMS 18.0 24.0 9.0 0.4152940081350288 0.08416564808341842 1.3284247204526969 0.0 3.0 0.17497988481070445 1.876298862123873
NOBST 3
OBSTPOS -0.41386316942505874 -0.7475844247347527 1.278518867563549 0.9639380453700934 -0.2678362160421972 1.2405781344439202 0.5891198471969346 0.5338655636980953 1.5718377949293392
OBSTBBOX 0.18386704766641757 0.1623307280885278 0.20245446227003128 0.28005436049352006 0.2381632642798891 0.3052525442158978 0.167149667000977 0.2127541408463441 0.2981036752238061
NCLOUD 0
CLOUD
KBOOL 1 1 1 0 1 1 1 1 0
KINT 2 3 15 2
KFLOAT 0.3441326607328863 1.3128647106057396 0.5 0.15052373052592813 1.8996374409647778 0.1 0.5 0.5 1.1002269855409548 5.0 0.8926007185667455 0.717790035220474 5.0
PREDTIMES 0
PREDSAMP -1
HGPPLANNER astar_heat
HGPFLOAT 0.36497560649624233 0.0 20.0 0.2 0.4964088064841195 22.4354584224889 11.169932303307665 4.324548765172381
LOSCELLS 2
MAXEXPAND 300000
EPS 1.5028177633678355
START -1.8556229590249844 -2.9686510040116345 1.4526393344951425
STARTVEL 0.19519798610552758 -0.12921090322245218 -0.1411745724589717
GOAL 2.6596931083575117 3.0801536246066776 1.4211212352515354
DIM 22 28 8
SUCCESS 1
FINALG 7.847906178502848
NRAW 24
RAW -1.8556229590249844 -2.9686510040116345 1.4526393344951425 -1.5799342282783175 -2.709153882895267 1.4614399362135866 -1.3139037967565381 -2.443123451373487 1.4614399362135866 -1.0478733652347585 -2.1770930198517076 1.4614399362135866 -0.7818429337129791 -1.9110625883299281 1.7274703677353662 -0.5158125021911995 -1.6450321568081485 1.9935007992571456 -0.24978207066941982 -1.3790017252863689 2.2595312307789253 0.01624836085235959 -1.1129712937645895 2.2595312307789253 0.282278792374139 -0.8469408622428101 2.2595312307789253 0.5483092238959184 -0.5809104307210307 2.2595312307789253 0.8143396554176983 -0.3148799991992508 2.2595312307789253 1.0803700869394777 -0.048849567677471395 2.2595312307789253 1.346400518461257 0.21718086384430801 2.2595312307789253 1.612430949983037 0.48321129536608787 2.2595312307789253 1.612430949983037 0.7492417268878668 2.2595312307789253 1.612430949983037 1.0152721584096467 2.2595312307789253 1.878461381504816 1.2813025899314265 1.9935007992571456 1.878461381504816 1.5473330214532055 1.9935007992571456 2.1444918130265958 1.8133634529749854 1.7274703677353662 2.1444918130265958 2.0793938844967643 1.7274703677353662 2.4105222445483756 2.345424316018544 1.7274703677353662 2.4105222445483756 2.611454747540324 1.7274703677353662 2.6765526760701546 2.877485179062103 1.4614399362135866 2.6596931083575117 3.0801536246066776 1.4211212352515354
RAWCELL 2 2 4 3 3 4 4 4 4 5 5 4 6 6 5 7 7 6 8 8 7 9 9 7 10 10 7 11 11 7 12 12 7 13 13 7 14 14 7 15 15 7 15 16 7 15 17 7 16 18 6 16 19 6 17 20 5 17 21 5 18 22 5 18 23 5 19 24 4 19 25 4
NPROC 3
PROC -1.8556229590249844 -2.9686510040116345 1.4526393344951425 1.346400518461257 0.21718086384430801 2.2595312307789253 2.6596931083575117 3.0801536246066776 1.4211212352515354
PROCCELL 2 2 4 14 14 7 19 25 4
END
CASE
RES 0.23488856041842124
PARAMS 18.0 28.0 7.0 0.44054752064797487 -0.4179463901124205 1.7714569370609068 0.0 3.0 0.3251465265680086 2.6015941771044884
NOBST 3
OBSTPOS -0.18877339790079173 -0.2861814297594174 1.680147774890553 -0.8673458703912338 0.027558272712341347 1.6199588654923818 0.24996506058977497 -0.5903363414142253 1.3969820810966627
OBSTBBOX 0.15157076109091297 0.25408588144132094 0.4922098169449955 0.28677550198893176 0.3280650920628261 0.4069512407780107 0.285716905171013 0.19894685781347848 0.333384100083734
NCLOUD 0
CLOUD
KBOOL 1 1 1 0 1 1 1 1 0
KINT 3 2 15 2
KFLOAT 0.32897234278368376 1.0085138250677963 0.5 0.1320256671887673 1.5471519086901717 0.1 0.5 0.5 1.206993624641091 5.0 0.709999256285447 0.501669716280581 5.0
PREDTIMES 0
PREDSAMP -1
HGPPLANNER astar_heat
HGPFLOAT 0.02294338520134448 0.0 20.0 0.2 0.5892050061772827 13.167721641126171 11.897366860849438 6.698593743718405
LOSCELLS 2
MAXEXPAND 300000
EPS 1.0966950678678775
START -1.9423091058629713 -3.998646041867773 1.9569484191561766
STARTVEL 0.22626825429372738 -0.039286257128647195 -0.0020457505115271113
GOAL 2.737666390862719 3.1146662753378247 1.9310333108329205
DIM 25 35 6
SUCCESS 1
FINALG 8.778588151496526
NRAW 32
RAW -1.9423091058629713 -3.998646041867773 1.9569484191561766 -1.673449523117816 -3.7063862359703172 1.8889012172701176 -1.4385609626993947 -3.471497675551896 1.8889012172701176 -1.2036724022809735 -3.236609115133475 1.8889012172701176 -0.9687838418625523 -3.0017205547150536 1.8889012172701176 -0.7338952814441311 -2.7668319942966324 1.8889012172701176 -0.49900672102570987 -2.531943433878211 1.8889012172701176 -0.26411816060728865 -2.29705487345979 1.8889012172701176 -0.029229600188867444 -2.0621663130413688 1.8889012172701176 0.20565896022955377 -2.0621663130413688 1.8889012172701176 0.440547520647975 -1.8272777526229476 1.8889012172701176 0.6754360810663962 -1.5923891922045263 1.8889012172701176 0.9103246414848174 -1.3575006317861051 1.8889012172701176 1.1452132019032386 -1.122612071367684 1.8889012172701176 1.3801017623216603 -0.8877235109492627 1.8889012172701176 1.614990322740081 -0.6528349505308411 1.8889012172701176 1.614990322740081 -0.4179463901124203 1.8889012172701176 1.614990322740081 -0.18305782969399864 1.8889012172701176 1.614990322740081 0.051830730724422125 1.8889012172701176 1.614990322740081 0.2867192911428438 1.8889012172701176 1.614990322740081 0.5216078515612645 1.8889012172701176 1.8498788831585027 0.7564964119796862 1.8889012172701176 1.8498788831585027 0.991384972398107 1.8889012172701176 2.0847674435769235 1.2262735328165286 1.8889012172701176 2.0847674435769235 1.4611620932349503 1.8889012172701176 2.0847674435769235 1.696050653653371 1.8889012172701176 2.319656003995345 1.9309392140717927 1.8889012172701176 2.319656003995345 2.1658277744902135 1.8889012172701176 2.554544564413766 2.400716334908635 1.8889012172701176 2.554544564413766 2.635604895327056 1.8889012172701176 2.554544564413766 2.8704934557454775 1.8889012172701176 2.737666390862719 3.1146662753378247 1.9310333108329205
RAWCELL 2 2 3 3 3 3 4 4 3 5 5 3 6 6 3 7 7 3 8 8 3 9 9 3 10 10 3 11 10 3 12 11 3 13 12 3 14 13 3 15 14 3 16 15 3 17 16 3 17 17 3 17 18 3 17 19 3 17 20 3 17 21 3 18 22 3 18 23 3 19 24 3 19 25 3 19 26 3 20 27 3 20 28 3 21 29 3 21 30 3 21 31 3 22 32 3
NPROC 3
PROC -1.9423091058629713 -3.998646041867773 1.9569484191561766 1.3801017623216603 -0.8877235109492627 1.8889012172701176 2.737666390862719 3.1146662753378247 1.9310333108329205
PROCCELL 2 2 3 16 15 3 22 32 3
END
CASE
RES 0.20355021823086028
PARAMS 20.0 24.0 9.0 0.2089817228173354 0.27198768874472334 1.652457554931278 0.0 3.0 0.3402270476544223 2.9723987853176768
NOBST 3
OBSTPOS 0.18438032307057828 0.9646543251433217 1.4379561889579364 0.9145490222283057 0.45496720463124807 1.1736688095915075 0.04045276151991528 -0.07244889733746218 1.2400184364620095
OBSTBBOX 0.3620490012468187 0.3497240189622657 0.4646614948051071 0.3661779968481947 0.15514568152090194 0.423753953879766 0.28356151087520054 0.28760512072656336 0.23191854281041824
NCLOUD 0
CLOUD
KBOOL 1 1 1 0 1 1 1 1 0
KINT 1 2 15 2
KFLOAT 0.17428176545948537 1.0254865409617224 0.5 0.12674068363835228 3.063848443953182 0.1 0.5 0.5 1.2871253560914988 5.0 0.7574283461952465 0.7383038671113782 5.0
PREDTIMES 0
PREDSAMP -1
HGPPLANNER astar_heat
HGPFLOAT 0.13788283200515278 0.0 20.0 0.2 0.42879427167910356 9.355570598608518 10.225595190698233 3.3568276153795704
LOSCELLS 3
MAXEXPAND 300000
EPS 1.040188186689127
START -2.262687898919442 -2.6120487293247376 1.7832415740508032
STARTVEL -0.07490040101725834 -0.27894947134512676 -0.12324033210510044
GOAL 2.664979485375873 3.1234007726221464 1.7244136025237042
DIM 29 33 8
SUCCESS 1
FINALG 8.699788034226248
NRAW 41
RAW -2.262687898919442 -2.6120487293247376 1.7832415740508032 -2.0300706777221276 -2.37416514825646 1.7542326640467083 -1.8265204594912674 -2.1706149300256 1.7542326640467083 -1.6229702412604072 -1.9670647117947397 1.7542326640467083 -1.4194200230295468 -1.9670647117947397 1.7542326640467083 -1.2158698047986867 -1.9670647117947397 1.7542326640467083 -1.0123195865678263 -1.9670647117947397 1.7542326640467083 -0.8087693683369661 -1.9670647117947397 1.7542326640467083 -0.6052191501061057 -1.9670647117947397 1.7542326640467083 -0.4016689318752453 -1.9670647117947397 1.7542326640467083 -0.19811871364438538 -1.9670647117947397 1.7542326640467083 0.005431504586475011 -1.9670647117947397 1.7542326640467083 0.2089817228173354 -1.9670647117947397 1.7542326640467083 0.4125319410481958 -1.9670647117947397 1.7542326640467083 0.6160821592790557 -1.7635144935638793 1.7542326640467083 0.8196323775099161 -1.7635144935638793 1.7542326640467083 1.0231825957407765 -1.5599642753330192 1.7542326640467083 1.226732813971637 -1.5599642753330192 1.7542326640467083 1.4302830322024969 -1.3564140571021588 1.7542326640467083 1.6338332504333577 -1.1528638388712986 1.7542326640467083 1.8373834686642176 -0.9493136206404382 1.7542326640467083 2.0409336868950776 -0.7457634024095778 1.7542326640467083 2.2444839051259384 -0.5422131841787179 1.7542326640467083 2.4480341233567984 -0.3386629659478575 1.7542326640467083 2.6515843415876583 -0.1351127477169971 1.7542326640467083 2.6515843415876583 0.06843747051386329 1.7542326640467083 2.6515843415876583 0.27198768874472323 1.7542326640467083 2.6515843415876583 0.4755379069755836 1.7542326640467083 2.6515843415876583 0.679088125206444 1.7542326640467083 2.6515843415876583 0.8826383434373044 1.7542326640467083 2.6515843415876583 1.0861885616681644 1.7542326640467083 2.6515843415876583 1.2897387798990252 1.7542326640467083 2.6515843415876583 1.4932889981298851 1.7542326640467083 2.6515843415876583 1.696839216360745 1.7542326640467083 2.6515843415876583 1.900389434591606 1.7542326640467083 2.6515843415876583 2.103939652822466 1.7542326640467083 2.6515843415876583 2.307489871053326 1.7542326640467083 2.6515843415876583 2.5110400892841866 1.7542326640467083 2.6515843415876583 2.7145903075150466 1.7542326640467083 2.6515843415876583 2.9181405257459074 1.7542326640467083 2.664979485375873 3.1234007726221464 1.7244136025237042
RAWCELL 2 2 4 3 3 4 4 4 4 5 5 4 6 5 4 7 5 4 8 5 4 9 5 4 10 5 4 11 5 4 12 5 4 13 5 4 14 5 4 15 5 4 16 6 4 17 6 4 18 7 4 19 7 4 20 8 4 21 9 4 22 10 4 23 11 4 24 12 4 25 13 4 26 14 4 26 15 4 26 16 4 26 17 4 26 18 4 26 19 4 26 20 4 26 21 4 26 22 4 26 23 4 26 24 4 26 25 4 26 26 4 26 27 4 26 28 4 26 29 4 26 30 4
NPROC 5
PROC -2.262687898919442 -2.6120487293247376 1.7832415740508032 -1.8265204594912674 -2.1706149300256 1.7542326640467083 1.8373834686642176 -0.9493136206404382 1.7542326640467083 2.6515843415876583 1.2897387798990252 1.7542326640467083 2.664979485375873 3.1234007726221464 1.7244136025237042
PROCCELL 2 2 4 4 4 4 22 10 4 26 21 4 26 30 4
END
CASE
RES 0.27169641145715384
PARAMS 18.0 27.0 11.0 -0.24944943089415839 0.4406171907672015 1.655654607015309 0.0 3.0 0.3244577660708271 2.1985589772900562
NOBST 2
OBSTPOS 0.04148146688765464 0.26816905301839444 1.2147215465464836 -0.0558872310709857 -0.46294212759379083 1.1861994807456622
OBSTBBOX 0.1533268665040086 0.26098942857772817 0.3596951404644172 0.16384016335342694 0.1638347576111755 0.33827822896097703
NCLOUD 0
CLOUD
KBOOL 1 1 1 0 1 1 1 1 1
KINT 2 2 15 2
KFLOAT 0.17069338254389246 0.6592092131175337 0.5 0.12192502401247265 1.6713941808201707 0.1 0.5 0.5 1.0587177951472837 5.0 1.1051090929245782 0.7756840954914024 5.0
PREDTIMES 0
PREDSAMP -1
HGPPLANNER sastar
HGPFLOAT 0.10207561048601421 0.0 20.0 0.2 0.5150899523079471 6.662503636223778 6.795509180815034 5.740938923734842
LOSCELLS 3
MAXEXPAND 300000
EPS 1.6605974028242438
START -2.792245580005596 -3.328453803541841 1.545136591645945
STARTVEL -0.07138466573103752 9.92853360637369e-05 -0.06284415983698949
GOAL 2.2812888537119798 4.313535503873579 1.5667676471737857
DIM 24 33 9
SUCCESS 1
FINALG 9.459726175729553
NRAW 29
RAW -2.792245580005596 -3.328453803541841 1.545136591645945 -2.558868928279966 -3.091436158175798 1.5198064012867323 -2.287172516822812 -2.819739746718644 1.5198064012867323 -2.0154761053656585 -2.5480433352614904 1.5198064012867323 -1.7437796939085044 -2.2763469238043363 1.5198064012867323 -1.4720832824513508 -2.0046505123471827 1.5198064012867323 -1.2003868709941967 -1.7329541008900287 1.5198064012867323 -0.9286904595370431 -1.461257689432875 1.5198064012867323 -0.656994048079889 -1.189561277975721 1.5198064012867323 -0.3852976366227354 -0.9178648665185674 1.5198064012867323 -0.11360122516558135 -0.6461684550614133 1.5198064012867323 0.15809518629157226 -0.3744720436042597 1.5198064012867323 0.42979159774872633 -0.10277563214710561 1.5198064012867323 0.7014880092058804 0.16892077931004845 1.5198064012867323 0.9731844206630336 0.4406171907672016 1.5198064012867323 1.2448808321201876 0.7123136022243557 1.5198064012867323 1.5165772435773417 0.9840100136815098 1.5198064012867323 1.5165772435773417 1.2557064251386638 1.5198064012867323 1.5165772435773417 1.527402836595817 1.5198064012867323 1.5165772435773417 1.799099248052971 1.5198064012867323 1.7882736550344958 2.070795659510125 1.5198064012867323 1.7882736550344958 2.342492070967279 1.5198064012867323 1.7882736550344958 2.6141884824244324 1.5198064012867323 2.059970066491649 2.8858848938815864 1.5198064012867323 2.059970066491649 3.1575813053387405 1.5198064012867323 2.059970066491649 3.4292777167958945 1.5198064012867323 2.059970066491649 3.7009741282530477 1.5198064012867323 2.331666477948803 3.972670539710202 1.5198064012867323 2.2812888537119798 4.313535503873579 1.5667676471737857
RAWCELL 2 2 4 3 3 4 4 4 4 5 5 4 6 6 4 7 7 4 8 8 4 9 9 4 10 10 4 11 11 4 12 12 4 13 13 4 14 14 4 15 15 4 16 16 4 17 17 4 18 18 4 18 19 4 18 20 4 18 21 4 19 22 4 19 23 4 19 24 4 20 25 4 20 26 4 20 27 4 20 28 4 21 29 4 21 30 4
NPROC 10
PROC -2.792245580005596 -3.328453803541841 1.545136591645945 -0.656994048079889 -1.189561277975721 1.5198064012867323 -0.3852976366227354 -0.9178648665185674 1.5198064012867323 -0.11360122516558135 -0.6461684550614133 1.5198064012867323 0.15809518629157226 -0.3744720436042597 1.5198064012867323 0.42979159774872633 -0.10277563214710561 1.5198064012867323 0.7014880092058804 0.16892077931004845 1.5198064012867323 0.9731844206630336 0.4406171907672016 1.5198064012867323 1.2448808321201876 0.7123136022243557 1.5198064012867323 2.2812888537119798 4.313535503873579 1.5667676471737857
PROCCELL 2 2 4 10 10 4 11 11 4 12 12 4 13 13 4 14 14 4 15 15 4 16 16 4 17 17 4 21 30 4
END
CASE
RES 0.21027074687397485
PARAMS 26.0 27.0 6.0 0.4565491209619156 -0.4541067426123305 1.244655799831003 0.0 3.0 0.20438044998545146 2.8491986073091935
NOBST 3
OBSTPOS 0.12079258634036805 -0.3353625271380396 1.4896058961418046 -0.7366404667317827 -0.605265226149662 1.6029646247471754 0.4533751328077973 0.42580016601879045 1.2967121243447013
OBSTBBOX 0.22052297064344611 0.27826528737181255 0.21718207897607844 0.17009722463381718 0.16998442441685355 0.3138174508356115 0.3060052641189214 0.348394024652355 0.42607469185903046
NCLOUD 0
CLOUD
KBOOL 1 1 1 0 1 1 1 1 1
KINT 3 3 15 2
KFLOAT 0.31262887290475483 1.3013823109968687 0.5 0.19647719732190586 2.120002907625626 0.1 0.5 0.5 0.7688179214924291 5.0 0.661943388709944 0.6746144899653583 5.0
PREDTIMES 0
PREDSAMP -1
HGPPLANNER astar_heat
HGPFLOAT 0.13523895804015323 0.0 20.0 0.2 0.6276166994379491 22.64082556199761 6.054600402859962 6.4333894849798945
LOSCELLS 1
MAXEXPAND 300000
EPS 1.5710363960857934
START -2.3295967508984488 -3.2762546584804304 1.3575525996930133
STARTVEL 0.00797356342315425 -0.1150636785281055 -0.2125136829232502
GOAL 3.1722376570255646 2.379990913110593 1.3759766771646809
DIM 31 32 6
SUCCESS 1
FINALG 7.932541734671618
NRAW 30
RAW -2.3295967508984488 -3.2762546584804304 1.3575525996930133 -2.0666998415257827 -3.082491078537016 1.3497911732679904 -1.856429094651808 -2.8722203316630415 1.3497911732679904 -1.646158347777833 -2.6619495847890664 1.3497911732679904 -1.4358876009038584 -2.451678837915092 1.3497911732679904 -1.2256168540298833 -2.2414080910411167 1.3497911732679904 -1.0153461071559087 -2.031137344167142 1.3497911732679904 -0.8050753602819336 -1.820866597293167 1.3497911732679904 -0.594804613407959 -1.6105958504191924 1.3497911732679904 -0.3845338665339839 -1.4003251035452173 1.3497911732679904 -0.1742631196600093 -1.4003251035452173 1.3497911732679904 0.036007627213965776 -1.4003251035452173 1.3497911732679904 0.2462783740879404 -1.1900543566712427 1.3497911732679904 0.45654912096191547 -0.9797836097972676 1.3497911732679904 0.6668198678358901 -0.769512862923293 1.3497911732679904 0.8770906147098652 -0.559242116049318 1.3497911732679904 1.0873613615838398 -0.3489713691753433 1.3497911732679904 1.2976321084578144 -0.13870062230136826 1.3497911732679904 1.50790285533179 0.07157012457260636 1.3497911732679904 1.7181736022057645 0.281840871446581 1.3497911732679904 1.9284443490797392 0.4921116183205565 1.3497911732679904 2.138715095953714 0.7023823651945311 1.3497911732679904 2.3489858428276893 0.9126531120685057 1.3497911732679904 2.559256589701664 1.1229238589424804 1.3497911732679904 2.7695273365756385 1.3331946058164559 1.3497911732679904 2.979798083449613 1.5434653526904305 1.3497911732679904 2.979798083449613 1.7537360995644051 1.3497911732679904 2.979798083449613 1.9640068464383797 1.3497911732679904 2.979798083449613 2.1742775933123553 1.3497911732679904 3.1722376570255646 2.379990913110593 1.3759766771646809
RAWCELL 2 2 3 3 3 3 4 4 3 5 5 3 6 6 3 7 7 3 8 8 3 9 9 3 10 10 3 11 11 3 12 11 3 13 11 3 14 12 3 15 13 3 16 14 3 17 15 3 18 16 3 19 17 3 20 18 3 21 19 3 22 20 3 23 21 3 24 22 3 25 23 3 26 24 3 27 25 3 27 26 3 27 27 3 27 28 3 28 29 3
NPROC 4
PROC -2.3295967508984488 -3.2762546584804304 1.3575525996930133 0.45654912096191547 -0.9797836097972676 1.3497911732679904 0.6668198678358901 -0.769512862923293 1.3497911732679904 3.1722376570255646 2.379990913110593 1.3759766771646809
PROCCELL 2 2 3 15 13 3 16 14 3 28 29 3
END
CASE
RES 0.21460661793868105
PARAMS 18.0 19.0 9.0 0.2374398574227743 0.23656741129396697 1.0408944623714054 0.0 3.0 0.2524330233767508 1.618704505980066
NOBST 3
OBSTPOS -0.49596063828763337 0.06734574908936808 1.5814570062001623 -0.159358587309546 0.4442361347600239 1.0819160868459872 -0.19452182301768395 -0.5568158291751681 1.1960216875057041
OBSTBBOX 0.1617768403335518 0.2534272305433816 0.3081171350936645 0.3240415414943266 0.15924979086876595 0.4913291463870333 0.31361119799044307 0.31027156924939825 0.4591753683632268
NCLOUD 0
CLOUD
KBOOL 1 1 1 0 1 1 1 1 1
KINT 3 2 15 2
KFLOAT 0.43612916311546357 1.1099048640862355 0.5 0.2296128049246847 2.44294713540956 0.1 0.5 0.5 1.4911584072865565 5.0 1.1714845700339414 0.6583837822980583 5.0
PREDTIMES 0
PREDSAMP -1
HGPPLANNER sastar
HGPFLOAT 0.12953615277598857 0.0 20.0 0.2 0.525551950550124 14.573696601769138 8.327133247925495 5.33638977424974
LOSCELLS 1
MAXEXPAND 300000
EPS 1.7711391325400534
START -1.7377817378210436 -1.9562997179690704 1.1562578930392837
STARTVEL 0.12739550680278577 0.18578064368842623 0.2896770554515506
GOAL 2.2579389228180107 2.387116286017093 1.1756995188201598
DIM 24 25 8
SUCCESS 1
FINALG 5.904323081604179
NRAW 21
RAW -1.7377817378210436 -1.9562997179690704 1.1562578930392837 -1.5867163950560146 -1.6948921501541627 1.1481977713407459 -1.3721097771173336 -1.4802855322154818 1.1481977713407459 -1.1575031591786524 -1.2656789142768006 1.1481977713407459 -0.9428965412399715 -1.0510722963381196 1.1481977713407459 -0.7282899233012903 -0.8364656783994384 1.1481977713407459 -0.5136833053626093 -0.6218590604607575 1.1481977713407459 -0.29907668742392834 -0.4072524425220765 1.1481977713407459 -0.08447006948524738 -0.19264582458339552 1.1481977713407459 0.13013654845343403 0.02196079335528589 1.1481977713407459 0.344743166392115 0.23656741129396686 1.1481977713407459 0.559349784330796 0.4511740292326478 1.1481977713407459 0.7739564022694769 0.6657806471713288 1.1481977713407459 0.9885630202081579 0.8803872651100098 1.1481977713407459 1.2031696381468393 1.0949938830486912 1.1481977713407459 1.4177762560855203 1.3096005009873721 1.1481977713407459 1.6323828740242012 1.524207118926053 1.1481977713407459 1.8469894919628822 1.738813736864734 1.1481977713407459 2.0615961099015636 1.9534203548034155 1.1481977713407459 2.276202727840244 2.168026972742096 1.1481977713407459 2.2579389228180107 2.387116286017093 1.1756995188201598
RAWCELL 2 2 4 3 3 4 4 4 4 5 5 4 6 6 4 7 7 4 8 8 4 9 9 4 10 10 4 11 11 4 12 12 4 13 13 4 14 14 4 15 15 4 16 16 4 17 17 4 18 18 4 19 19 4 20 20 4 21 21 4 21 22 4
NPROC 9
PROC -1.7377817378210436 -1.9562997179690704 1.1562578930392837 -0.7282899233012903 -0.8364656783994384 1.1481977713407459 -0.5136833053626093 -0.6218590604607575 1.1481977713407459 -0.29907668742392834 -0.4072524425220765 1.1481977713407459 -0.08447006948524738 -0.19264582458339552 1.1481977713407459 0.13013654845343403 0.02196079335528589 1.1481977713407459 0.344743166392115 0.23656741129396686 1.1481977713407459 0.559349784330796 0.4511740292326478 1.1481977713407459 2.2579389228180107 2.387116286017093 1.1756995188201598
PROCCELL 2 2 4 7 7 4 8 8 4 9 9 4 10 10 4 11 11 4 12 12 4 13 13 4 21 22 4
END
CASE
RES 0.33968327628233197
PARAMS 29.0 25.0 7.0 -0.4716665808147643 0.0771580724237948 1.0034480683231146 0.0 3.0 0.1866408241144734 1.8064751297143113
NOBST 3
OBSTPOS -0.9753592359857741 0.49949330179174045 1.0732205296984523 0.49219055698619285 0.3318304126581688 1.4796988225660919 -0.6225428947804417 0.21483359135527147 1.6276782973518458
OBSTBBOX 0.21918866285260918 0.24479684154778217 0.2600484222857755 0.33545845706742716 0.31949703866579504 0.35230113712235234 0.19423398526242178 0.2609459837102591 0.20083740972266767
NCLOUD 0
CLOUD
KBOOL 1 1 1 0 1 1 1 1 0
KINT 1 2 15 2
KFLOAT 0.17042605200834596 0.9978610058559468 0.5 0.042822241012129475 3.496196583552685 0.1 0.5 0.5 1.2449024546488496 5.0 0.9994957831713549 0.6191592868007243 5.0
PREDTIMES 0
PREDSAMP -1
HGPPLANNER sastar
HGPFLOAT 0.42463188797005874 0.0 20.0 0.2 0.5483374207795597 14.149657454313381 9.609646479051914 6.104321540939495
LOSCELLS 2
MAXEXPAND 300000
EPS 1.733512511517461
START -5.104537726772786 -3.8763000184394025 1.1733663356615125
STARTVEL -0.0038801138596545326 0.0599732392695711 -0.18017553169699713
GOAL 4.02344299559225 3.941843210387303 1.2320740040841063
DIM 32 28 5
SUCCESS 1
FINALG 12.049457079090287
NRAW 28
RAW -5.104537726772786 -3.8763000184394025 1.1733663356615125 -4.717707534343914 -3.4895163285406907 1.1732897064642807 -4.378024258061582 -3.1498330522583586 1.1732897064642807 -4.03834098177925 -2.8101497759760266 1.1732897064642807 -3.698657705496918 -2.470466499693695 1.1732897064642807 -3.358974429214586 -2.130783223411363 1.1732897064642807 -3.019291152932254 -1.7910999471290308 1.1732897064642807 -2.679607876649922 -1.4514166708466987 1.1732897064642807 -2.33992460036759 -1.111733394564367 1.1732897064642807 -2.000241324085258 -0.772050118282035 1.1732897064642807 -1.660558047802926 -0.4323668419997029 1.1732897064642807 -1.320874771520594 -0.0926835657173708 0.8336064301819486 -0.9811914952382619 -0.0926835657173708 0.8336064301819486 -0.6415082189559298 -0.0926835657173708 0.8336064301819486 -0.3018249426735986 -0.0926835657173708 0.8336064301819486 0.037858333608733474 0.24699971056496128 0.8336064301819486 0.37754160989106555 0.5866829868472934 0.8336064301819486 0.7172248861733976 0.9263662631296246 0.8336064301819486 1.0569081624557297 1.2660495394119566 0.8336064301819486 1.3965914387380618 1.6057328156942887 0.8336064301819486 1.7362747150203939 1.9454160919766208 0.8336064301819486 2.075957991302726 2.285099368258953 0.8336064301819486 2.415641267585057 2.624782644541285 0.8336064301819486 2.75532454386739 2.964465920823617 0.8336064301819486 3.0950078201497213 3.304149197105949 0.8336064301819486 3.4346910964320543 3.6438324733882803 0.8336064301819486 3.7743743727143855 3.9835157496706133 1.1732897064642807 4.02344299559225 3.941843210387303 1.2320740040841063
RAWCELL 2 2 2 3 3 2 4 4 2 5 5 2 6 6 2 7 7 2 8 8 2 9 9 2 10 10 2 11 11 2 12 12 2 13 13 1 14 13 1 15 13 1 16 13 1 17 14 1 18 15 1 19 16 1 20 17 1 21 18 1 22 19 1 23 20 1 24 21 1 25 22 1 26 23 1 27 24 1 28 25 2 29 25 2
NPROC 3
PROC -5.104537726772786 -3.8763000184394025 1.1733663356615125 0.037858333608733474 0.24699971056496128 0.8336064301819486 4.02344299559225 3.941843210387303 1.2320740040841063
PROCCELL 2 2 2 17 14 1 29 25 2
END
