CASE
KIND OBS
NAME wall_close
M 2
KAPPA 16
T 1.4421440943159998 1.477413740656811
WP 0.3349179156218631 -1.7115400325976537 -1.8458162783640053 0.7112139646265128 -0.1301005932549968 -1.7492501797764053 0.2211030460277974 -1.4145384527560148 -1.1934587166754302
V0 0.1031328801053916 -0.3065471082977311 0.4193904257222809
A0 -0.40359091953970483 -0.3617606638372834 0.45032530484888916
VF -1.0215223074910083 -0.9606037404281674 0.27708402367442475
AF -0.15030038800305462 0.189920540639194 -0.2697591571355429
NOBS 1
OBS0 AABB -1.0 -1.0 -1.0 1.0 1.0 1.0 CLASS wall DSAFE 0.6 W 10.0
COST 0.09012627809900757
DCC 0.0 0.0 0.0 0.0 0.0 0.0 0.0 0.0 0.0 0.0 0.0 0.0 0.0 0.0 0.0 0.0 0.0 0.0 0.0 0.3601891178043681 0.9851361802728851 0.0 0.4694681981597725 1.10247855377301 0.0 0.6147184695760953 1.2609278824407444 0.0 0.80854607116055 1.470365775524055 0.0 1.0681896026339421 1.7445212181558043 0.0 1.4172847422242683 2.102160797616948
DT 0.0 0.024241365860410202
END
CASE
KIND OBS
NAME human_cv
M 3
KAPPA 20
T 1.5769928133488278 1.154320425128586 1.4454080358724903
WP 1.821421773846808 -1.9282029973170933 -1.785663931405264 -1.5453967683486507 1.6842399246922106 2.4943153078162927 0.7060199733929058 -1.2227188701252718 0.1929734135851029 1.1823635514972946 1.9825817080289143 -2.3006227292813493
V0 -0.003001583217860927 -0.549248375254259 0.27596489257647044
A0 0.3285770718016808 -0.19167928551801847 -0.601644825040833
VF 0.4601076384771485 0.21347378658904437 -1.1022924441850281
AF -0.26259174592453066 0.004698127512318253 0.031168646844878273
NOBS 1
OBS0 SPHERE 0.5 0.2 -0.3 0.5 0.4 -0.2 0.1 0.0 0.0 0.0 CLASS human DSAFE 0.8 W 100.0
COST 4.620329793298844
DCC 11.459467989506267 14.133210258436838 -3.6931248059036856 9.924176213787788 11.515274038451293 -3.415342187713695 8.616711099637824 9.411994263038556 -3.1410964505442913 7.500623019349632 7.716991855852245 -2.8769866529982915 6.545630701474671 6.346825745491269 -2.627026194234963 5.726531198791833 5.23586816853299 -2.3934183020271314 0.0 0.0 0.0 0.0 0.0 0.0 0.0 0.0 0.0 0.0 0.0 0.0 0.0 0.0 0.0 0.0 0.0 0.0 4.2147057287591 3.3976680315088523 3.5354481642103663 1.0403282477619205 0.7323411089081124 1.0495746423011623 0.29469681419252336 0.18118785410094407 0.3323426470158809 0.09107509612058642 0.0489333910191387 0.1108509384890653 0.029948107574583684 0.01406396707900857 0.03854488867170012 0.010322376811833485 0.004233690413017892 0.013865968068484193
DT -0.6265932357269248 -1.3598935016229057 0.005526870616763713
END
CASE
KIND OBS
NAME human_ca
M 3
KAPPA 18
T 1.1031880813634098 0.3005689216937192 0.9316551867872656
WP 2.4147848021231297 -0.03367950744319126 1.768185454405292 2.4887824431446077 -0.727723624045461 0.9904899999799586 0.04593013975364091 1.6540603808362437 -1.3179239463988761 -2.1396147048729013 1.587789754568048 1.199542571768164
V0 -1.5514225937114519 -0.32530124965199814 -0.20906328549514094
A0 -0.03478971953227622 -0.04490167825259741 -0.1771928355488103
VF -0.7513744248722415 0.47575807014323496 0.293063862980825
AF 0.04729345308749048 0.07863656749521176 -0.14992536304679194
NOBS 1
OBS0 SPHERE 0.3 -0.4 0.2 0.6 0.3 0.2 -0.1 0.2 -0.15 0.05 CLASS human DSAFE 0.9 W 50.0
COST 0.664033733354598
DCC 0.0 0.0 0.0 0.0 0.0 0.0 0.0 0.0 0.0 0.0 0.0 0.0 0.0 0.0 0.0 0.0 0.0 0.0 -2.8658714546412623 -2.2348001459752393 0.7973028164202716 -0.33135866479649295 -0.3064856035325286 0.12629945556776068 -0.040236314467727956 -0.04344604514685268 0.019735984574441905 -0.005101151918166867 -0.006344103016865528 0.003090262064785226 -0.0006717081581099762 -0.0009512643064882975 0.0004881757814513143 -9.145133043345203e-05 -0.00014605281903272503 7.802898793962389e-05 0.0 0.0 0.0 0.0 0.0 0.0 0.0 0.0 0.0 0.0 0.0 0.0 0.0 0.0 0.0 0.0 0.0 0.0
DT 1.6189652321704768 -0.004109268600494875 0.0
END
CASE
KIND OBS
NAME sphere_static
M 2
KAPPA 16
T 1.5628535359842721 1.1838500159872678
WP 0.13386507940095194 1.6069157894425634 0.8598593749302947 0.09945891465044832 0.5462196221914584 -0.06798456507202566 0.607704829283852 0.6703480618579734 -1.035489868068736
V0 -0.0787595580083035 -0.03405223944670862 -0.9259155558312906
A0 0.19983541937392343 -0.5666668173986686 0.31879849116995246
VF 0.5796229470122022 0.293803200683162 0.13965524763124498
AF 0.7832571254248044 -0.5363514937021576 0.016352597882778624
NOBS 1
OBS0 SPHERE 0.0 0.0 0.0 0.7 0.0 0.0 0.0 0.0 0.0 0.0 CLASS human DSAFE 0.9 W 30.0
COST 25.22866422198658
DCC -3.553520712996299 -37.57906638614388 -7.063347240161209 -4.847576710380645 -48.532125935764725 -8.19977140518753 -6.7319354599618935 -64.27816487440919 -9.753541251646338 -9.474619736746726 -86.83875142507733 -11.831445996717544 -13.472679766321846 -119.18831102617378 -14.581656988464504 -19.314219096549998 -165.69560264496266 -18.204655844856827 -14.29935720516612 -36.08090920017007 30.10981878834243 -5.277808136349648 -9.68818586404977 12.178624082026912 -2.942766317985128 -4.496181439353183 6.793207965505997 -2.057748582879366 -2.82798575880893 4.626608410740709 -1.654854010032063 -2.1371843111331392 3.6044891922299467 -1.4568480314614707 -1.8120460582841174 3.080539795326691
DT 33.961650211235856 0.35423811401216376
END
CASE
KIND OBS
NAME mixed_multi
M 4
KAPPA 24
T 0.8063634927055563 1.1093593458478914 1.1978167217342648 1.5277644778361756
WP -1.8854133462233493 1.0725816491514846 -1.522069756668218 -0.24298421178908924 1.476927542126301 0.7223317999896732 1.5102471279073932 1.757311170784181 0.7706879905640283 1.2736423616885535 0.6156603542621206 1.1772587467059483 -0.5885503092887614 -1.7274897286102284 1.4098018391542908
V0 -0.6285329999541442 0.6931655569722112 -0.2951384986861589
A0 -0.1699796450612316 -0.31125212411346015 0.4471081697021511
VF 0.041050112089505486 -0.25927378687200325 0.8540407017190902
AF -0.010319365269227148 -0.1229983716527133 0.008115141368832386
NOBS 3
OBS0 AABB -2.0 0.5 -2.0 0.0 2.0 2.0 CLASS wall DSAFE 0.5 W 8.0
OBS1 SPHERE 1.0 -0.5 0.4 0.4 -0.3 0.1 0.0 0.0 0.0 0.0 CLASS human DSAFE 0.8 W 100.0
OBS2 SPHERE -0.5 1.0 -0.6 0.55 0.1 -0.25 0.2 -0.1 0.05 0.1 CLASS human2 DSAFE 0.7 W 40.0
COST 5.011020224663579
DCC 6.966400428694506 -9.00004569975827 -1.3907192976465197 2.202697910955357 -5.57714099173878 -0.9243719318076549 0.7438289448390434 -3.4944065585644895 -0.6163223619765541 0.18559176317390647 -2.2130116939458606 -0.4123558275601021 -0.03411586433254021 -1.4159593724844095 -0.2769120449916116 -0.11305214679217229 -0.9148450213306336 -0.18667372386366246 -0.8556917289815457 0.0 0.0 -0.04454932203865454 0.0 0.0 -0.0035064178041555446 0.0 0.0 -0.00035476789342823214 0.0 0.0 -4.127363617545325e-05 0.0 0.0 -5.249427491561381e-06 0.0 0.0 0.0 0.0 0.0 0.0 0.0 0.0 0.0 0.0 0.0 0.0 0.0 0.0 0.0 0.0 0.0 0.0 0.0 0.0 -0.30755795348179277 0.29149476893376125 -0.5610196697229393 -0.15993506322908954 0.16404625352767016 -0.3004289403943188 -0.08464109368411296 0.0936089318198794 -0.16372518658940505 -0.04556353924254215 0.054114715141180804 -0.0907278999808433 -0.024932339555498336 0.03166546751130624 -0.05107515058471276 -0.013857276041559927 0.01873943799244228 -0.029179870033279983
DT 3.723667870518721 -0.12970049774345344 -0.12141686293791394 2.0034349780845284e-05
END
CASE
KIND OBS
NAME far_inactive
M 2
KAPPA 16
T 1.230172554421474 0.7109145125965398
WP 0.9018733600871331 1.0882701935342247 -1.3705204019840576 -1.076350060704081 -1.8414069005719442 -1.0176919989808395 0.8719551204906497 -0.8300240409715918 0.9868747413381276
V0 0.976880442917112 0.4237541160203637 -0.25580532559738695
A0 0.6910537036186939 0.037647291265318225 -0.3564468926799508
VF 0.09211190019155109 -0.17500189500254268 -0.8755105012544014
AF -0.02609594019836848 -0.45418429300046037 0.2568653953770157
NOBS 1
OBS0 SPHERE 50.0 50.0 50.0 0.3 0.0 0.0 0.0 0.0 0.0 0.0 CLASS human DSAFE 0.8 W 100.0
COST 0.0
DCC 0.0 0.0 0.0 0.0 0.0 0.0 0.0 0.0 0.0 0.0 0.0 0.0 0.0 0.0 0.0 0.0 0.0 0.0 0.0 0.0 0.0 0.0 0.0 0.0 0.0 0.0 0.0 0.0 0.0 0.0 0.0 0.0 0.0 0.0 0.0 0.0
DT 0.0 0.0
END
CASE
KIND OBS
NAME wall_inside
M 2
KAPPA 16
T 0.946940721780464 0.530023142343334
WP -0.4118960130998759 -0.8676746546124519 1.2424522726426859 -0.26369623030517575 -0.6539999550988873 1.3735861180655418 0.47972054288581933 1.5183234732391542 0.7755854535280196
V0 -0.3884600016509521 -0.40700706660399005 0.03420311015857943
A0 -0.2794971649308025 0.04884971398877384 0.3022747176337888
VF 0.8549854322324922 -1.4115969130670143 0.435240213415487
AF -0.19361740733804264 0.11188632659757482 0.287208605192148
NOBS 1
OBS0 AABB -3.0 -3.0 -3.0 3.0 3.0 3.0 CLASS wall DSAFE 0.5 W 12.0
COST 160.41927928301834
DCC 0.0 49.208179300936386 -87.69299547226494 0.0 27.114160423528443 -32.73174228362626 0.0 15.682642186677851 -21.460570183125718 0.0 9.47168173367229 -17.087262472589234 0.0 5.934251974496076 -14.46645306389225 0.0 3.8311385621617062 -12.505165391396597 0.0 -44.91115728295753 -46.460434465526575 0.0 -16.563670214213882 -5.731762681888844 0.0 -6.457866771114832 -0.9087983273808348 0.0 -2.644710120669042 -0.1600031572575782 0.0 -1.1286481585924615 -0.02981226358176189 0.0 -0.49792088965973424 -0.005756170265441108
DT 113.98183484775645 101.45717047305146
END
CASE
KIND OBS
NAME kappa1_human
M 2
KAPPA 1
T 1.4575170279199385 0.3542262979722923
WP 0.5038023593740997 1.4593383196393135 -1.0527983943839425 -0.7645398413339004 -1.981762769787259 1.698036952588796 1.9061876554063195 1.9509219676361833 1.2135921646552035
V0 0.4700798713719499 -0.12122785236940223 0.09603017188420761
A0 -0.4336932587741794 0.18897446772206541 0.058084854418614065
VF -0.2662485033869784 -0.15458346383779492 -0.9724628500540993
AF 0.4752593351922324 0.41976759776256933 0.2603044688376782
NOBS 1
OBS0 SPHERE 0.4 0.3 0.1 0.5 0.5 0.0 -0.2 0.0 0.0 0.0 CLASS human DSAFE 0.9 W 80.0
COST 0.0
DCC 0.0 0.0 0.0 0.0 0.0 0.0 0.0 0.0 0.0 0.0 0.0 0.0 0.0 0.0 0.0 0.0 0.0 0.0 0.0 0.0 0.0 0.0 0.0 0.0 0.0 0.0 0.0 0.0 0.0 0.0 0.0 0.0 0.0 0.0 0.0 0.0
DT 0.0 0.0
END
CASE
KIND OBS
NAME single_seg_human
M 1
KAPPA 16
T 0.49371201273703524
WP -0.8202544224220869 -1.761035830161874 1.9994113005943275 1.6255309333401984 1.0976916406490322 -1.8500867131621388
V0 0.2562260512051781 -0.026300011701420767 -0.23589957199902087
A0 0.4572472001690244 0.1194736883254633 -0.14508999535662997
VF 1.468197100174022 -0.031051978820522394 -0.9076576242049907
AF 0.7002463432583843 0.07300683887336576 -0.2616678633870164
NOBS 1
OBS0 SPHERE 0.6 -0.2 0.3 0.6 0.3 0.3 0.0 0.0 0.0 0.0 CLASS human DSAFE 0.95 W 60.0
COST 4.725710593691138
DCC 7.913762817295807 3.308596137689884 7.556365433523432 1.9055886903985795 0.702708467562126 2.1106661622041396 0.46153424612651744 0.14530668640578498 0.5883902799934821 0.11237652030613225 0.028712969631363897 0.16396144681360386 0.027490913393499013 0.0052168900932459865 0.0457265619755257 0.006752472984299633 0.0007854123706479294 0.012774548268886526
DT -2.602822517980408
END
CASE
KIND OBS
NAME rand_obs0
M 4
KAPPA 27
T 0.5698908321873148 0.373040464848571 0.4099556677624015 1.4305468399981924
WP -0.561938795632404 1.8843880612110473 0.14097242747252148 -2.069216753789469 -0.2291185473174675 0.9122184953599612 0.2648550435778265 -2.3097232955378932 0.39432007623670984 -1.948335666062333 -1.9772210941087605 -1.7022724418593622 1.938838568074507 -1.5861718822419513 1.7632702113870709
V0 -0.19449019069546672 -0.4081751952672095 -0.18422935868611257
A0 -0.124946854933109 0.27057097963076504 -0.3911218274508373
VF 0.11287828589414274 -0.12152315554833493 -0.47065376898398514
AF 0.2797556970162137 0.13472895723553857 0.028133920596972423
NOBS 3
OBS0 SPHERE -0.4144306397028532 -0.5554695621910484 -1.3365629771742635 0.6037439078593113 0.14081612408198954 -0.5879247155608829 -0.05093203133309154 0.3153631654928828 -0.17050924026573394 0.05344020725316143 CLASS human0 DSAFE 0.9421715569812412 W 163.63662925263898
OBS1 SPHERE -1.4672299641119926 0.2240543144623004 1.1952663113389628 0.39837624896566964 0.7688189513709465 -0.2583773773227767 -0.09357667132443424 0.0 0.0 0.0 CLASS human1 DSAFE 0.6812333671521216 W 191.35600718905192
OBS2 AABB -0.13713849069911177 -1.602329167768982 -2.544091221362932 2.8550732499378992 -0.7141168290000699 0.2742283585602756 CLASS wall2 DSAFE 0.7821184650083086 W 16.442148324232758
COST 0.8086071106945404
DCC 0.0 0.0 0.0 0.0 0.0 0.0 0.0 0.0 0.0 0.0 0.0 0.0 0.0 0.0 0.0 0.0 0.0 0.0 0.017287261039357515 0.10030180964241397 -0.09425034025021825 0.0045011403141718455 0.030525570841332617 -0.02712846948955188 0.0011752188175238128 0.00938244524503394 -0.007882395073768991 0.0003076817746825105 0.0029120479192938096 -0.0023122952965519126 8.077123291501566e-05 0.0009124659001632869 -0.0006848892332554246 2.1260170511721062e-05 0.0002885697354215429 -0.00020483552661728466 2.8626983518802196 5.3674828390635545 -2.2106844555703664 0.788723576149824 1.358583589003136 -0.5314935317053389 0.21950437934800693 0.3501581287962709 -0.1299523646272522 0.06168489013435502 0.09176846184679281 -0.032285481420697495 0.01749662415610164 0.024428735241062104 -0.008143336364490593 0.005006996911045072 0.006598159849733885 -0.0020834946483982513 0.28589815037410893 1.042094586671611 -0.2819233103686388 0.2534548464040311 0.9887568851621962 -0.2541478198135222 0.22452672805616974 0.9388556960103175 -0.2296924235041765 0.19871856580518896 0.8921497009133245 -0.20814446577398782 0.1756813831220143 0.8484149729351635 -0.18914299425537423 0.15510687897928443 0.807443713992801 -0.1723722667553549
DT 2.9470192847221925 2.9518251639496693 0.1784073042809526 0.08571960569236656
END
CASE
KIND OBS
NAME rand_obs1
M 4
KAPPA 2
T 0.4267596134656588 1.5869267348808902 0.5931276624446276 0.5198868555758438
WP 0.691151034123592 -1.8561789141512168 0.5325866975035733 1.2084126957457357 2.0072474537040685 -0.6742035254465817 -0.8730646703565981 -0.6083814789340258 1.8521957717125233 -0.22220366887324028 1.061327537028773 1.0221755929873764 -2.4823303976507156 -2.4777434471258357 -0.461863830594611
V0 0.03174688549929965 -0.5952227340355775 -0.3374875744895234
A0 0.11890475049658901 0.3503033849478454 0.27402193756450344
VF -0.1540375976492943 1.3449207143619883 1.416915534470778
AF 0.05520317436399282 -0.2325831708316917 0.44152805445463766
NOBS 3
OBS0 AABB -1.0961273429645617 -0.5454942731408146 -2.5574813575907203 0.9619012409150058 0.4603626029099086 -0.46550710561422415 CLASS wall0 DSAFE 0.6519606614999527 W 11.948792933249143
OBS1 AABB -0.23828672034019815 -0.9724141354087075 -1.5793646266808714 0.9412123579768235 1.879246307188323 0.440393726192293 CLASS wall1 DSAFE 0.3488312967584085 W 9.147014543558102
OBS2 SPHERE -1.0034879584017076 -0.952770842438917 0.356602062343772 0.41235691945891834 0.19939151466307692 -0.11247723394353602 -0.5749224294722253 0.09179653289108625 0.07464019088683392 0.11909988254459639 CLASS human2 DSAFE 0.9515219162646983 W 185.25336618228488
COST 0.13782631343328297
DCC -0.5882236879863088 0.0 -0.8428665359192131 -0.18827258528728605 0.0 -0.26977604780401665 -0.060260351792536866 0.0 -0.08634714141235145 -0.019287513328715738 0.0 -0.027637104519749763 -0.006173348799657353 0.0 -0.008845800031618816 -0.0019759019606478455 0.0 -0.0028312726517161187 0.0 0.0 0.0 0.0 0.0 0.0 0.0 0.0 0.0 0.0 0.0 0.0 0.0 0.0 0.0 0.0 0.0 0.0 0.0 0.0 0.0 0.0 0.0 0.0 0.0 0.0 0.0 0.0 0.0 0.0 0.0 0.0 0.0 0.0 0.0 0.0 0.0 0.0 0.0 0.0 0.0 0.0 0.0 0.0 0.0 0.0 0.0 0.0 0.0 0.0 0.0 0.0 0.0 0.0
DT 2.2808722492103213 0.0 0.0 0.0
END
CASE
KIND OBS
NAME rand_obs2
M 2
KAPPA 11
T 0.8395065554832284 1.0223664609166745
WP -1.726036764807528 0.19166035672776083 -1.6116187471581478 2.1002903523281367 -0.9313691166107292 1.6511050454662888 -0.5958769929488084 1.3907957246691045 2.474004549487689
V0 -0.03936601532389722 0.041485295450681726 -0.5243792398675625
A0 0.08317267600857754 0.17877772116892537 -0.315205282520827
VF 0.7288459818346331 0.17481065402591253 0.09911053822556702
AF -0.03483963493595293 -0.10267451654988252 -0.05981438275195372
NOBS 3
OBS0 AABB -1.639871507241809 -0.3623044124644075 -2.9132315472643793 0.8339276042971917 2.085615899228439 -2.204748405923029 CLASS wall0 DSAFE 0.7761781649573776 W 13.876304064649506
OBS1 AABB -0.7236988993478879 -0.65509993638199 -0.6682792249594574 0.3542414537482257 0.8539208106150447 1.9893146721151411 CLASS wall1 DSAFE 0.7464946160259025 W 18.672259828693477
OBS2 AABB -2.366415619566583 -0.4398122022451503 -2.685585956685412 -0.8021739988038887 1.1976263000005876 -0.988886218034253 CLASS wall2 DSAFE 0.6475812443811129 W 14.724194666205738
COST 10.441106705113906
DCC -3.06611280135748 19.975256373216315 -2.9830579325637743 -1.284961958449399 3.776495921230734 -0.537979574413713 -0.567157918601334 1.2472794637468627 -0.0543371130966297 -0.26541607293313446 0.5320814462892894 0.02130292948885866 -0.13107951117402272 0.2500475681019821 0.020478195362520112 -0.06766576486251638 0.1216472271824371 0.011624702592460035 -8.217984114020478e-07 -0.09055946439926449 -0.24114020505969647 -4.2008956672602843e-07 -0.07056754493628505 -0.17120841063437217 -2.1474274180085442e-07 -0.0555407014557568 -0.12331228791546305 -1.0977288847124138e-07 -0.044168905537509816 -0.0901468201358329 -5.6114059745471934e-08 -0.03550184942646255 -0.06692051918205483 -2.8684566334822485e-08 -0.028847359783639007 -0.050465241711147135
DT -4.2455157237593255 -0.007490847962066368
END
CASE
KIND OBS
NAME rand_obs3
M 5
KAPPA 23
T 1.5179152722098905 0.9525904089299875 1.0550255560541566 0.9052731979087951 1.171976868265566
WP -1.8421923602657557 1.3435404725343014 -1.6070600357356635 -1.093709011906863 1.849855775270104 -1.5435583721019182 -0.3005099478618778 1.821515801434491 -0.11442138981684957 0.35528654367356305 -2.410689676727692 -2.21175589442058 -0.7480989423192019 0.34875416904849343 2.4239406818602767 2.224094609196052 -0.2564262094280432 1.941605460671406
V0 0.19314075777113646 -0.12678499582016825 -0.5201906879925456
A0 -0.20080145818623896 0.11342682803751 0.054585441186474
VF -0.1665439417899254 -0.369018037275883 -0.6342312999189889
AF 0.01861280730683153 0.35639954785514283 0.19423637240287486
NOBS 2
OBS0 AABB -1.4640367202360003 -0.4317692927563517 -1.4795813248814218 1.467026955333767 0.6234744062859803 -0.41531344064888054 CLASS wall0 DSAFE 0.335228921660878 W 17.674381066868076
OBS1 AABB -1.6215951370537498 -1.8104098109284164 -1.7361831167346033 -1.0261189984371486 0.11494202983531898 0.11371661898630436 CLASS wall1 DSAFE 0.5004101933443115 W 8.394827563251837
COST 0.5817785302383981
DCC 0.0 0.0 0.0 0.0 0.0 0.0 0.0 0.0 0.0 0.0 0.0 0.0 0.0 0.0 0.0 0.0 0.0 0.0 0.0 0.0 0.0 0.0 0.0 0.0 0.0 0.0 0.0 0.0 0.0 0.0 0.0 0.0 0.0 0.0 0.0 0.0 0.0 -0.8954381447630835 2.195290494047337 0.0 -0.2516459259128835 0.8186868412494095 0.0 -0.07001099516732545 0.30802196225617434 0.0 -0.019045992138600018 0.11697565093380456 0.0 -0.004945066291003191 0.044857478557650744 0.0 -0.0011577858359507177 0.01737528854397812 -0.04315787981636873 0.0 -0.012816489900561393 -0.020571051054247197 0.0 -0.006388569651064967 -0.009830794917927268 0.0 -0.003187204189492014 -0.0047099480605693736 0.0 -0.001591499728355518 -0.0022620379696712692 0.0 -0.0007954494593060113 -0.0010889364895647507 0.0 -0.0003979669211693135 0.0 0.0 0.0 0.0 0.0 0.0 0.0 0.0 0.0 0.0 0.0 0.0 0.0 0.0 0.0 0.0 0.0 0.0
DT 0.0 0.0 -0.981071594332748 -0.0016129622515466415 0.0
END
CASE
KIND OBS
NAME rand_obs4
M 5
KAPPA 23
T 0.5279120794793224 0.3741271723072263 0.34496515768240715 1.2637673206027147 1.5402230437477762
WP -1.2438015115811645 -1.5192591202788512 -1.449814532388916 1.3949388706915258 -1.6416766317981557 1.9425422612492538 0.2831556757514422 0.15441915629069314 0.7705694322568393 2.3782774959140944 -2.412615602451318 -1.2373514435862094 0.8317581731606931 0.8125207613980843 -0.18104335488352774 0.39368815765482346 -0.12147855516721551 0.1974694482805357
V0 -0.9123609718659671 0.26392290685573144 0.2528746526654419
A0 -0.10783178576518014 -0.06838563842364381 0.4665107079278535
VF -0.6850874834696635 -1.3054555830698953 0.5993665799687965
AF -0.4186903656675082 -0.21551149892265703 -0.01203151159925814
NOBS 3
OBS0 AABB -0.2227216493640487 -0.9776463940206184 -1.7736581086144576 1.8663949909951212 -0.20024326121289526 0.924830356773334 CLASS wall0 DSAFE 0.3565328019533093 W 7.452068580821827
OBS1 AABB -2.5950657891488063 -1.507206433959392 -2.9441189544752673 -0.6593771732508997 -0.7211262439928434 -1.4192223893212927 CLASS wall1 DSAFE 0.718970941075063 W 15.100231541639216
OBS2 AABB -0.4048327062069146 -1.0903639972550447 -2.03441461987463 2.1318816400422578 0.5210736050534068 -0.7836693546907181 CLASS wall2 DSAFE 0.3401744686158653 W 16.064215980222706
COST 0.8453886109613729
DCC 0.0 1.8482466018024488 -1.8012775764478908 0.0 0.08940648898261544 -0.18939687748059092 0.0 0.0070205164295061495 -0.022130873518585215 0.0 0.0007470471172101105 -0.0028327057975260023 0.0 9.556358405927755e-05 -0.0003906911908857978 0.0 1.3634861744231668e-05 -5.719261530690551e-05 0.0 -0.00010970767918392424 -1.6960695962114924e-05 0.0 -3.813593676336422e-05 -5.782210098304507e-06 0.0 -1.3262316389103653e-05 -1.9723748908450273e-06 0.0 -4.614125708117684e-06 -6.731797096762286e-07 0.0 -1.6059874541382192e-06 -2.2988932410446009e-07 0.0 -5.592104815931241e-07 -7.855119979801624e-08 0.0 0.144103049660537 -0.08283638548785519 0.0 0.048129607460795976 -0.017818785101083354 0.0 0.012136684850973065 -0.003844466705595406 0.0 0.002790600132736256 -0.0008318699793996386 0.0 0.0006173995097139379 -0.00018050826070981 0.0 0.00013440020251506634 -3.927559653778304e-05 -0.06835767033394131 -0.024402908491127338 0.0 -0.07699816924137644 -0.02882832013013141 0.0 -0.08673083850810946 -0.034056270047789994 0.0 -0.09769372989556153 -0.04023229672532122 0.0 -0.1100423450882992 -0.0475283317146274 0.0 -0.12395184138713576 -0.056147485961295714 0.0 0.0 -0.11186554304418114 0.0 0.0 -0.16647649558399144 0.0 0.0 -0.247857038899266 0.0 0.0 -0.3691781799325191 0.0 0.0 -0.5501130751948322 0.0 0.0 -0.8200566952732168 0.0
DT 0.0016583484075540778 -1.5492377457268868e-05 -0.8378997372751704 0.31976392455075203 0.15451542865123055
END
CASE
KIND OBS
NAME rand_obs5
M 1
KAPPA 22
T 0.7475930026053306
WP -1.601277782717222 0.25923691734890175 -0.2838572470241765 -0.5791592322666461 -0.16743867407701662 1.0624481429779746
V0 0.2315427374264296 -0.5550257351801927 -0.0497184432074329
A0 0.19766212263455227 0.06047527000747944 -0.11981499153493119
VF 0.22500828868578826 1.3440258249376835 0.5327097556973647
AF -0.01510945972849646 -0.11583347092833737 0.09701090145157767
NOBS 2
OBS0 AABB -1.9709605664718137 -2.023282558195189 -0.6109477588158709 0.5385818450388067 -0.9947135979354049 2.1836542488950994 CLASS wall0 DSAFE 0.5187784469461272 W 14.414087684813964
OBS1 SPHERE -0.8902970290930479 0.40667897040932743 -0.6469597535253389 0.4466638937040234 0.04549286597449954 -0.3675366875893867 -0.4985477890114418 0.2313451567706113 0.18675251091187314 0.11080915148107912 CLASS human1 DSAFE 0.9615175058982952 W 190.73404329355617
COST 9.849241635067255
DCC 39.0820187279613 13.949084070884082 -33.55202234169082 4.890378023774127 2.326326847228106 -5.5721295037376875 0.8765599309112345 0.510652834070641 -1.2237545290358607 0.1869642525703821 0.1273570229400479 -0.3058787722478242 0.04438467216358085 0.03436132231517362 -0.08276229825209531 0.011361733229535815 0.009800606891564227 -0.023677819254098623
DT -0.01010779756361746
END
CASE
KIND DYN
NAME vel_active
M 3
KAPPA 16
ORDER 1
LIMIT 0.5
WEIGHT 100.0
T 1.567522871769731 1.2924945247973147 0.799864707108292
WP -0.4126192904475907 0.07502561635255844 -0.6560419162277791 -1.3694855495461216 1.3728928631512325 -2.2177019104578415 -0.7307988805756755 0.8835970654538903 -0.19831426313633216 -2.112100255012783 2.6230085143520485 -2.588385028884
V0 0.11322589374398957 -0.6402267135286532 0.703452962611308
A0 -0.6662483402821603 0.31733963247601177 0.07372910279868167
VF -2.060686125217115 -1.4550297344750782 -0.8373624419028104
AF 0.09753928007331553 0.3713567790029397 0.2945116815242169
COST 3116.1878999008923
DCC 0.0 0.0 0.0 -139.20921252196723 220.48211118710063 -264.60558551439556 -235.25784426411624 358.2098939212345 -432.156409011979 -322.74566205771555 446.8238671562946 -542.4214178559704 -419.24282968997335 501.2892367519245 -612.6350114694632 -535.7898911552805 511.00948142698655 -629.9501273710447 0.0 0.0 0.0 105.81986261594872 -92.43413682096592 340.8196700186212 83.78556925058878 199.5194650418603 160.12984063890335 41.57282601269026 547.4653658245488 -74.84688150612239 -12.96824760637953 966.9458487614377 -357.42033650887777 -82.18595653066416 1489.9039502546923 -706.7898521272884 0.0 0.0 0.0 -240.10490510215308 320.13255024412564 -427.0624368366432 -209.42054907090815 116.20117263786352 -268.3392787454305 -170.89152383093978 28.668913539372266 -174.99603082150543 -137.28166225648584 -8.55712835086379 -119.12665609183328 -109.75611965325042 -23.265488338068014 -83.93185678396833
DT 200.67674440438324 2406.5894821645543 469.8564992818126
END
CASE
KIND DYN
NAME vel_inactive
M 3
KAPPA 16
ORDER 1
LIMIT 1000.0
WEIGHT 100.0
T 1.257627821327351 1.3408089294778878 1.083190555705269
WP 0.02011397996625064 2.212404902626547 1.946763881448632 -2.7663002769737157 1.7371607877739894 2.057929457649678 -2.271034088734602 0.2355939672627816 0.5351027266024166 -0.6112533444324004 0.4861665961481396 0.11638480541486107
V0 0.933437377389883 1.1820947154288668 -0.7631043619306142
A0 0.07581592547617469 -0.36759975036248993 0.20266284338581642
VF -1.6212452773921828 1.7319355154353904 0.7838520909526466
AF 0.16885380572801864 -0.5282105337107367 0.007376959848033503
COST 0.0
DCC 0.0 0.0 0.0 0.0 0.0 0.0 0.0 0.0 0.0 0.0 0.0 0.0 0.0 0.0 0.0 0.0 0.0 0.0 0.0 0.0 0.0 0.0 0.0 0.0 0.0 0.0 0.0 0.0 0.0 0.0 0.0 0.0 0.0 0.0 0.0 0.0 0.0 0.0 0.0 0.0 0.0 0.0 0.0 0.0 0.0 0.0 0.0 0.0 0.0 0.0 0.0 0.0 0.0 0.0
DT 0.0 0.0 0.0
END
CASE
KIND DYN
NAME accel_active
M 4
KAPPA 20
ORDER 2
LIMIT 0.3
WEIGHT 80.0
T 0.8724732765770944 1.021482863235058 0.48329141560027256 0.5633843954351108
WP -1.7026602757568048 -1.4212061427182814 0.536846313711905 -2.5008926185212283 2.415964411816712 -1.834002182890858 2.559226779647428 0.9931937227830847 0.8535510237467614 -1.0859572226417686 0.7560566348666038 2.7870134799028685 -2.39686754443261 -1.3106391533268908 -0.0038982650569971966
V0 0.36339207682079605 3.676570031638843 -1.3835069179097097
A0 0.27176560487889767 0.10538442365006877 -0.6425420128125934
VF -0.0757364665323504 0.3081421775150924 0.38687194805633235
AF -0.3140444078590728 -0.035584749777039924 -0.03931498643761561
COST 169531.79176171994
DCC 0.0 0.0 0.0 0.0 0.0 0.0 848.5662515275485 -682.0177441692855 -703.9814942515391 3251.5730404916853 -2365.4026555375744 -767.0803206030726 5373.004374089161 -3833.4858242597934 -656.9075640690149 6960.860858007782 -4929.083236094222 -495.73757047012833 0.0 0.0 0.0 0.0 0.0 0.0 -2360.1175268854363 -112.70365450472829 4128.187126483097 -9095.763795010804 2483.290053349886 6555.037860540274 -15817.5381585341 4868.835313208727 8228.63824798372 -22461.35405722134 7052.652940337638 9438.18623921468 0.0 0.0 0.0 0.0 0.0 0.0 -719.3447565860289 -1769.4999325358267 -4435.415891740188 393.53848669261697 -1806.6966026365699 -3955.0774226911285 545.4274798677686 -1295.389523148025 -2716.754675754552 431.4369163516592 -817.6402563322775 -1680.574788802141 0.0 0.0 0.0 0.0 0.0 0.0 2093.785331543965 1498.5544210885823 1580.5779707585586 1205.3769185701142 2133.726607157546 2866.4239019405536 657.6987557679645 1733.3340049073367 2427.99324353766 353.8886675981525 1201.5944959167955 1712.0860019278723
DT 59226.78281698612 63604.79656777235 149678.6192549016 -1595.2971148936049
END
CASE
KIND DYN
NAME accel_inactive
M 2
KAPPA 16
ORDER 2
LIMIT 5000.0
WEIGHT 80.0
T 1.5107008726400548 1.3141302411991678
WP 1.3832414564428892 -0.1479863661650591 0.7801928876056459 -0.2236833988861746 -1.1304861084902948 0.7508097890925924 -0.6442837600356923 -0.5253336030214055 0.2966330275132667
V0 -0.15204583818832873 -0.14989837907948525 0.5299416181631481
A0 -0.8276620497242411 -0.19003128660159954 -0.09360124619424548
VF 0.029566988087513936 -0.5500755262348843 -0.2539948005358461
AF -0.2259069172317527 0.12598662733042856 -0.16110429844488344
COST 0.0
DCC 0.0 0.0 0.0 0.0 0.0 0.0 0.0 0.0 0.0 0.0 0.0 0.0 0.0 0.0 0.0 0.0 0.0 0.0 0.0 0.0 0.0 0.0 0.0 0.0 0.0 0.0 0.0 0.0 0.0 0.0 0.0 0.0 0.0 0.0 0.0 0.0
DT 0.0 0.0
END
CASE
KIND DYN
NAME vel_kappa1
M 2
KAPPA 1
ORDER 1
LIMIT 0.4
WEIGHT 120.0
T 0.9879309316502416 0.5068001119966696
WP -1.087091640515082 0.9311199471394382 -0.7553927099189908 1.6706877555426303 2.3223864539033796 -0.7549094499708273 -0.6088239224006076 2.1058941274574288 1.3036767854086984
V0 -0.38778455775657633 1.4455864324262018 0.20698455554458683
A0 -0.20904817110748383 -0.5083470613545996 0.23543415065902193
VF -0.03971536341714962 -0.4284663224635968 -0.3833268675051481
AF -0.39265202107554115 0.23144105580750263 0.05580918184680927
COST 9093.968518926335
DCC 0.0 0.0 0.0 1539.7463461319026 415.2480331408687 -536.7935952906836 1521.1630422391459 410.2363762467888 -530.3149966994079 1127.1030161334263 303.9639040367318 -392.9359415680055 742.3332885296621 200.19689526870204 -258.7957138880964 458.35876083256045 123.61294078518416 -159.79518170534777 0.0 0.0 0.0 -663.2043983322154 -66.32424284657213 561.7064963824097 -336.11206335145073 -33.61313370273707 284.6729152758621 -127.7562235124602 -12.776354943829634 108.20419900816903 -43.16457892292426 -4.316705410961374 36.55860011723333 -13.672383395266936 -1.367316741082409 11.57993914615957
DT 3820.15907214029 -7404.954101146252
END
CASE
KIND DYN
NAME accel_single
M 1
KAPPA 16
ORDER 2
LIMIT 0.4
WEIGHT 60.0
T 1.1378215538870398
WP -0.19920582314949042 -0.2069164633457552 -0.6227861044048528 -2.2047067079052125 2.404277469499621 1.6221567997567448
V0 -0.5746363592744946 -1.1931229845300086 -0.2232104169178274
A0 -0.03433209951961486 0.3345480980291523 0.05961703921580208
VF -0.7654688772330354 0.4066792561224034 1.5919058744020196
AF 0.3728713390966449 0.2653018361609301 0.47032135908840356
COST 8891.34031801118
DCC 0.0 0.0 0.0 0.0 0.0 0.0 -51.67129667126688 382.0431408057438 418.8681500564316 782.2240610730744 -1493.1693059246263 -315.89906768926716 1870.9568510660827 -3968.1507856931094 -1347.192904276569 3105.5570494430326 -6751.001182956058 -2512.8593438119606
DT -434.41302698528216
END
CASE
KIND DYN
NAME rand_dyn0
M 1
KAPPA 23
ORDER 2
LIMIT 0.28431234729385385
WEIGHT 164.12537771485248
T 0.7188669401506621
WP 1.103781447856207 -2.9539333743099387 -0.8356309914946651 2.264328198935231 -2.7398983015012686 -1.5499118034843824
V0 1.510740444767626 0.23273443963452164 0.9559199640559173
A0 -0.19320064305162254 0.1985357220177908 -0.02428341016157217
VF 0.5022217285504027 0.8984950086396549 -0.4799456855927024
AF 0.185239755736105 0.1305296709569057 0.21083330787644247
COST 8100.663829248526
DCC 0.0 0.0 0.0 0.0 0.0 0.0 -630.8369927599398 417.1621902588223 -915.4845276128901 -1514.4782881164322 817.0171437688263 703.9071039908455 -1787.2443598961625 923.8850584904148 1582.4038814073042 -1700.2218687374982 865.9824108483313 1822.550351918547
DT -305.508626287914
END
CASE
KIND DYN
NAME rand_dyn1
M 4
KAPPA 14
ORDER 1
LIMIT 0.9809719912074046
WEIGHT 108.26748785948489
T 0.7508438972394532 0.6962197270325623 1.4055018551610787 0.9885686772240898
WP 1.1622630246100432 -0.32827346249051814 0.9628026108748458 0.0852693562392739 1.7671143471058803 1.5423206705894703 -2.2262288789947444 0.9914584071243713 1.41306745163166 0.6660697796389492 1.159067835030628 1.0899051692510193 -0.7699351066624347 1.1868531812380203 2.3123484586612646
V0 -0.13642865893240808 -0.8839155104628942 0.6087350476864779
A0 -0.17773818328765004 -0.09602457133843745 0.10138691960920884
VF 2.2850449641920725 0.09198570460727375 -0.35806311241768374
AF -0.0552277452312768 0.3629974964084404 -0.2587405307186038
COST 3085.895082374253
DCC 0.0 0.0 0.0 -176.30781200831424 357.53378958748556 74.45522658371824 -197.79806503940398 369.15677260220093 71.56521979963325 -176.09864690183863 305.56036103922537 56.89365671632524 -145.00663421002952 236.74969798413642 43.043653440854015 -115.21672939628141 178.86789311643724 32.07152866222239 0.0 0.0 0.0 -386.96846686131033 -127.2779842837878 -21.008991410737096 -232.4112510940786 -190.2380618570602 -37.75921014024129 -142.56248340071318 -160.84095236138137 -34.262582977650965 -89.45512043825778 -121.39006794876232 -27.07656455901037 -57.132272430177366 -87.95839538671244 -20.2843573666686 0.0 0.0 0.0 470.44347506726956 14.454386125898827 -66.64499639205366 569.5630865261071 297.4880788362226 71.03466000904291 557.2768494961389 537.7605501689366 245.98527528387186 485.65553475517964 803.639985153938 480.1192304082896 352.33643846258946 1137.3081098081511 804.5674665483584 0.0 0.0 0.0 -243.46507253971237 12.065204288422636 177.2274569134028 -91.74776796356804 -5.505365066587904 91.7381228139107 3.824000199906832 -5.893037298544914 44.52890522597512 62.6834852424059 -3.6498044666537357 18.12037331636444 100.49301462407009 -1.5127919843240558 2.6934942300141267
DT 1720.6034737871219 839.3233522246553 478.1942337209919 205.54689645603838
END
CASE
KIND DYN
NAME rand_dyn2
M 5
KAPPA 24
ORDER 1
LIMIT 0.24683140789719332
WEIGHT 140.91323132954784
T 0.5530019337416139 1.2651547899201836 1.5519981999722434 1.0618546293779139 1.5144841545577064
WP -0.3482251361877857 2.7194638342386668 -0.7290866304603703 1.0639937019330024 1.985576561677659 -1.7277445347068012 0.6189146365530993 -0.7498180937799708 -0.3714957974739663 -1.5202699803005209 0.9902329234837044 -2.5153966671907506 2.3899399420019796 2.707469451320902 0.1410726980024446 -1.6978338092463454 2.7126125643048784 -2.27011233282422
V0 0.38448178662693644 -1.1197266013707448 1.2648370469743486
A0 -0.14773868874186666 0.09717261695918981 0.4365414654683161
VF 0.8218606680780091 0.05640113623578948 1.3722790471398312
AF -0.38635011768922145 -0.16035560657032366 -0.12940608675318577
COST 15635.470827269213
DCC 0.0 0.0 0.0 373.0626319551987 -189.9528757043394 -270.4995285636204 274.10534869752354 -116.2152309840543 -238.96679590137788 169.38598980061226 -67.71721089970451 -154.99851422721832 99.02035006845045 -38.63731300014425 -92.39689250931846 56.516749626012036 -21.80870745057087 -53.232080692497966 0.0 0.0 0.0 -123.67364363945325 -726.6704330732749 361.80769208284846 -944.6953537935545 -896.9521986956638 1075.3091472071133 -1683.9584249373102 -1086.2564561659583 1627.727344798049 -2480.4757484563133 -1318.2346005200623 2178.9049629902643 -3414.0820089904078 -1607.8684413986969 2800.2172419518456 0.0 0.0 0.0 -574.8551766271071 459.3388736523609 -565.9061208429124 295.24032104435645 1130.1687042806927 -1064.0319264804261 1506.740372253754 2017.1647134407383 -1453.593365079022 3361.582213292615 3332.3618751394856 -1852.1232130502367 6291.386975550431 5346.07311133454 -2298.24582865492 0.0 0.0 0.0 1054.6729428451263 456.9667990922993 708.9107330842321 813.9032959908308 384.28625019023 694.3885960657748 641.6201769050007 347.8001950974601 638.7048215340818 517.3246042415476 328.5139967322028 587.3824729377633 423.6807103187153 318.7740338257031 545.9922800403282 0.0 0.0 0.0 -1082.3339286007551 -0.7545387171834725 -654.7102983719814 -1239.4817981492797 -31.95048460374819 -700.7704478883941 -1276.8279543905005 -40.13600205260537 -584.8390306210486 -1260.3271266874347 -37.706776284144226 -336.3782925326015 -1175.1503600566368 -25.678429936797272 99.31918775100787
DT 5103.656387629304 4178.169584903445 3654.906468188289 92.94152617802729 262.58879325039084
END
CASE
KIND DYN
NAME rand_dyn3
M 3
KAPPA 26
ORDER 2
LIMIT 0.3542148232032783
WEIGHT 84.54948460639916
T 0.7338118266013931 0.39538597972927936 1.2566384803473214
WP 0.10797253183313904 -1.731699341139116 2.197369464383046 2.405631234187646 1.6134007861666788 -0.5978209879798229 -0.7230969776544427 -2.3731965112514573 2.334792502423479 1.7158373202939563 0.993532398943251 -0.3209981447562167
V0 0.9005484437651451 1.9619574817442944 0.300529984549817
A0 0.3756970488032254 -0.395475919976496 0.4457573295829145
VF -0.5731162275746957 -0.4116702057470637 -0.22113747580964524
AF 0.22916735848474026 0.0824720322779819 -0.2306345583443934
COST 354705.54917374835
DCC 0.0 0.0 0.0 0.0 0.0 0.0 -1351.7395551031282 -1929.8003392254723 481.69995287844625 -4619.0810874334165 -6162.873717728561 4082.8199107954465 -6427.347246376842 -8492.072140855362 6269.679054987627 -6981.602117375244 -9191.07143780492 7077.951799282786 0.0 0.0 0.0 0.0 0.0 0.0 -1798.2700725606244 -2385.2288633235275 2346.425754233545 -217.34826452007184 -311.8003063521814 502.03657306545966 123.39417991187182 144.67630867355243 12.100268229028647 132.5749041086857 164.47384257826397 -70.47606360906416 0.0 0.0 0.0 0.0 0.0 0.0 2659.0598267523737 3523.8007082266154 -2997.8774226632136 -3155.7034682126978 -3880.773561237592 2381.2883892587924 -11639.355449996072 -14740.77469968195 10463.412072846879 -22704.97086377388 -28939.23633060946 21092.317580019964
DT 521730.99710470834 110555.99957500192 -1448.642711953973
END
CASE
KIND DYN
NAME rand_dyn4
M 2
KAPPA 23
ORDER 1
LIMIT 0.7616933596468312
WEIGHT 44.84901030559764
T 0.6835200775971724 1.292559791937836
WP -0.9432557976866898 0.5723927625516518 -2.162310151700649 -0.9650806530577754 1.7924580702303379 1.368041518795268 1.389883025305756 0.6346824636998001 -2.1557728390530784
V0 -0.35003748800581413 -0.5851995988497494 1.685719980251266
A0 -0.333737181982404 0.07888034440025 -0.4201649576171602
VF 0.5618242968656504 -2.0730663792223494 0.11646874143312515
AF -0.24155101744451235 0.006303747607611367 -0.13438378578516713
COST 1896.6398752893338
DCC 0.0 0.0 0.0 -0.3103023212621616 98.27030673045782 273.00850215514447 7.184788385576629 95.39370196161157 223.88233927053847 8.518097622658962 73.18670241703668 159.51185093931147 7.591200080308073 52.508183417115006 109.3882834256624 6.082501931599598 36.6932777190428 74.06918105133148 0.0 0.0 0.0 175.07380330687795 -86.47402177752144 -273.96447694342294 203.97824598475887 -216.24025344984557 -417.17082010409246 225.51713604816965 -315.10522177027195 -469.5590064968296 250.99991074680162 -416.3066323854735 -500.3599523621732 284.44864980487193 -534.1816540352883 -528.4517615634167
DT 1144.1873145976624 84.55756038151253
END
CASE
KIND DYN
NAME rand_dyn5
M 5
KAPPA 23
ORDER 1
LIMIT 0.2941365297933412
WEIGHT 142.08655260488752
T 0.9594428523585892 0.4428055815425742 0.32879684267257114 0.488884632942432 0.6509485440723435
WP 1.046164644512996 2.2306209916264343 -2.9514722412017234 -0.006472734007524572 -2.468136624265334 2.0856188022946824 2.8104310908408623 1.1588062061130895 2.8544391376673204 -0.9221218488394927 -0.7273235478860345 0.8152181437014421 1.5217809380307061 0.9010254376547313 1.8639329924961556 -0.11231297617581548 -0.4008943840833883 1.2083738720095578
V0 0.50015831459821 -0.6613669734105493 -2.01590666989275
A0 -0.2509244846884364 -0.08244879766711306 -0.16113463947017148
VF 2.3901459245553047 1.45253771651667 -1.3581878762580164
AF -0.06683574825179138 0.11362458296008615 -0.34708125138922225
COST 43456.5561731034
DCC 0.0 0.0 0.0 -289.66554012912735 -1294.352143274535 1404.358020148142 143.46558217032901 -978.1668177380379 1938.6585485317348 555.2718793099431 -544.826460648426 2085.027376214846 857.4434620603333 -185.6511811245834 2093.8707394894604 1065.4418184171072 86.34293169576245 2048.0829663153972 0.0 0.0 0.0 787.4428591953523 1007.0877987064694 218.50016941007766 169.84115528300185 352.0149511664068 -33.46521786159566 24.36230731224936 123.47947839326318 -44.57010103998321 -4.404669376888399 44.232011408154115 -27.65005132142442 -6.731667803166969 16.15880322651685 -14.558870019547689 0.0 0.0 0.0 -1039.1170401855009 -525.3385304574053 -567.5262812480382 -339.52327743385416 -189.25817850605688 -176.1632627669721 -106.63326171299171 -61.58490987280993 -54.382157627338565 -33.46618678404984 -19.67299727491311 -16.95082245298912 -10.559500024612818 -6.271838263041536 -5.333792614014135 0.0 0.0 0.0 674.2291266511451 448.7284203462841 291.42120718599733 461.578999357689 302.732937767828 217.16503166367994 236.01322369328966 153.94482061874044 115.97758775856754 113.76521184242577 73.89994917400814 57.766998856328016 53.979430837821326 34.93957550338108 28.149819694574976 0.0 0.0 0.0 -446.74946879563123 -353.8033090112916 -175.7440935209595 -264.6427955360784 -209.69776142603584 -183.45129216226582 -112.05772598690761 -93.89984822704982 -126.13701731572775 -38.133784590727004 -36.64945645321789 -80.83330822102457 -7.094793832955217 -11.4213021417017 -51.01455561432063
DT 34894.118098839666 10758.71263215672 9967.943659049739 3947.0506987361277 1131.1767247740054
END
