SDG_SPH
C0 0.03618404729036673 0.39054979070692974 0.07149575815231124
R 0.7833118232817278
V -1.7567905055789348 1.6844316011395088 -0.4578428392637714
A -0.23856803784221914 -0.4187870249129704 0.3727168091179182
P -0.7813936007884854 3.6732081749559127 0.190011824209248
T 1.3956637465194992
D 1.547926894349003
DDP 0.8007167127870398 0.5746434816837671 0.1692265192630147
DDT 1.0306717769139535
END
SDG_SPH
C0 0.03618404729036673 0.39054979070692974 0.07149575815231124
R 0.7833118232817278
V -1.7567905055789348 1.6844316011395088 -0.4578428392637714
A -0.23856803784221914 -0.4187870249129704 0.3727168091179182
P 0.7072284050742927 -0.27740326662887327 -0.15233234502403933
T 0.40540759859896486
D 1.1417158425357108
DDP 0.7287508465581432 -0.6838444523047954 -0.03576267177860354
DDT 2.3755619912907546
END
SDG_SPH
C0 0.03618404729036673 0.39054979070692974 0.07149575815231124
R 0.7833118232817278
V -1.7567905055789348 1.6844316011395088 -0.4578428392637714
A -0.23856803784221914 -0.4187870249129704 0.3727168091179182
P -2.8450242485285733 3.147592933081402 -0.7371327662159275
T 1.1619738131998651
D 0.5993031909740081
DDP -0.4909598511044037 0.7829347368887026 -0.3820623278688438
DDT -1.9458793594688466
END
SDG_SPH
C0 0.03618404729036673 0.39054979070692974 0.07149575815231124
R 0.7833118232817278
V -1.7567905055789348 1.6844316011395088 -0.4578428392637714
A -0.23856803784221914 -0.4187870249129704 0.3727168091179182
P -0.9995449409035853 2.1307112543293076 -2.4298127895955437
T 0.6783789312783339
D 1.605886211233271
DDP 0.08828692234777155 0.2904074984542742 -0.9528215489712065
DDT -0.4326059770440156
END
SDG_SPH
C0 0.03618404729036673 0.39054979070692974 0.07149575815231124
R 0.7833118232817278
V -1.7567905055789348 1.6844316011395088 -0.4578428392637714
A -0.23856803784221914 -0.4187870249129704 0.3727168091179182
P 0.41848420566819056 1.975283717945274 -0.30881605631456427
T 0.8780695732558561
D 1.25480822581459
DDP 0.9895654399895081 0.13106660786466484 -0.05984800983509425
DDT 1.7653618527919486
END
SDG_SPH
C0 0.03618404729036673 0.39054979070692974 0.07149575815231124
R 0.7833118232817278
V -1.7567905055789348 1.6844316011395088 -0.4578428392637714
A -0.23856803784221914 -0.4187870249129704 0.3727168091179182
P 0.6420675121703457 0.7920991694599476 -1.0104089514744625
T 0.2905196305048273
D 0.7012892978481102
DDP 0.7586774293114519 -0.04724360468038023 -0.6497511832002855
DDT 1.2321230753506809
END
SDG_SPH
C0 -2.321223800302988 -1.3164850022417096 0.5550981125279817
R 0.40593351616042594
V 0.7684780126028523 0.8139178064320656 -0.4038948527558442
A 0.5885324998034794 -0.29919976570903944 0.48445426638670713
P 1.503973300111009 -1.1592088287389046 1.4562692660343306
T 1.1543357339733629
D 2.4071103569947305
DDP 0.905072390906503 -0.20721956917292833 0.3713543016723679
DDT -1.2709928179518173
END
SDG_SPH
C0 -2.321223800302988 -1.3164850022417096 0.5550981125279817
R 0.40593351616042594
V 0.7684780126028523 0.8139178064320656 -0.4038948527558442
A 0.5885324998034794 -0.29919976570903944 0.48445426638670713
P -1.929093091342432 -0.7106128485666415 -0.23501198656748257
T 0.859404691788273
D 0.38330467926752443
DDP -0.6153288298195246 0.02138558263483064 -0.7879803855733359
DDT 0.7819935304577044
END
SDG_SPH
C0 -2.321223800302988 -1.3164850022417096 0.5550981125279817
R 0.40593351616042594
V 0.7684780126028523 0.8139178064320656 -0.4038948527558442
A 0.5885324998034794 -0.29919976570903944 0.48445426638670713
P -1.2437363656090497 -1.7081502088405625 1.0518082718854052
T 0.0568889825274696
D 0.8299322754004043
DDP 0.8357033256146512 -0.3539898967402851 0.41987034256114647
DDT -0.2300946712650689
END
SDG_SPH
C0 -2.321223800302988 -1.3164850022417096 0.5550981125279817
R 0.40593351616042594
V 0.7684780126028523 0.8139178064320656 -0.4038948527558442
A 0.5885324998034794 -0.29919976570903944 0.48445426638670713
P -1.796530778856014 -3.4514699045882975 -1.3464435203714595
T 1.1730186021203266
D 3.0623634321295286
DDP -0.22536948344432836 -0.8314975121774293 -0.5077602615159861
DDT 0.7971851379026896
END
SDG_SPH
C0 -2.321223800302988 -1.3164850022417096 0.5550981125279817
R 0.40593351616042594
V 0.7684780126028523 0.8139178064320656 -0.4038948527558442
A 0.5885324998034794 -0.29919976570903944 0.48445426638670713
P -2.068357902275167 1.0540689642665506 0.9161148824336471
T 0.11299552159352022
D 1.915672143955792
DDP 0.06989737276670253 0.9822921386296981 0.17382897246030882
DDT -0.7639653502873447
END
SDG_SPH
C0 -2.321223800302988 -1.3164850022417096 0.5550981125279817
R 0.40593351616042594
V 0.7684780126028523 0.8139178064320656 -0.4038948527558442
A 0.5885324998034794 -0.29919976570903944 0.48445426638670713
P -1.4626792982747914 -3.1294947929047012 0.5086844409499527
T 0.382195067672864
D 1.7613176546636944
DDP 0.2407896364637397 -0.9699995440997865 0.033484853558981904
DDT 0.4466989262477861
END
SDG_SPH
C0 0.2683039843228121 -0.5616726698149019 2.9584206392567713
R 0.7123145898337999
V 0.9771522953659267 0.543007430953947 0.5035986246294768
A -0.3860475449207996 -0.5021803497771877 0.13388797287744156
P -0.8389890935659279 -0.6505591699605576 2.880088684292732
T 0.05984515482368491
D 0.4640121380314153
DDP -0.9904387761830612 -0.10242358354166721 -0.09241450193277663
DDT 1.044746258489862
END
SDG_SPH
C0 0.2683039843228121 -0.5616726698149019 2.9584206392567713
R 0.7123145898337999
V 0.9771522953659267 0.543007430953947 0.5035986246294768
A -0.3860475449207996 -0.5021803497771877 0.13388797287744156
P -0.4846189238238128 -0.3601410389757662 1.3092428098742466
T 0.3957495125052205
D 1.45267469743379
DDP -0.5124272551485028 0.011991682695754496 -0.8586469051519929
DDT 0.896213168972813
END
SDG_SPH
C0 0.2683039843228121 -0.5616726698149019 2.9584206392567713
R 0.7123145898337999
V 0.9771522953659267 0.543007430953947 0.5035986246294768
A -0.3860475449207996 -0.5021803497771877 0.13388797287744156
P 3.1221142493663456 -1.965187902918938 3.972613328439137
T 0.6797136904053114
D 2.176993988278481
DDP 0.7887027152256235 -0.5733546367352953 0.2218388774085068
DDT -0.580004353226064
END
SDG_SPH
C0 0.2683039843228121 -0.5616726698149019 2.9584206392567713
R 0.7123145898337999
V 0.9771522953659267 0.543007430953947 0.5035986246294768
A -0.3860475449207996 -0.5021803497771877 0.13388797287744156
P 0.7881360103717281 -0.2948514720680528 4.952978411279957
T 0.3870119921870614
D 1.0878985826659657
DDP 0.09475163341642213 0.05237083396974428 0.9941224389954356
DDT -0.6488402864112358
END
SDG_SPH
C0 0.2683039843228121 -0.5616726698149019 2.9584206392567713
R 0.7123145898337999
V 0.9771522953659267 0.543007430953947 0.5035986246294768
A -0.3860475449207996 -0.5021803497771877 0.13388797287744156
P -0.0513107487765041 -0.17100618078346294 3.7580810458396243
T 1.3851547048293087
D 0.596266681203719
DDP -0.9955637557334173 0.09191041546669716 -0.020131661598381558
DDT 0.46835047342975317
END
SDG_SPH
C0 0.2683039843228121 -0.5616726698149019 2.9584206392567713
R 0.7123145898337999
V 0.9771522953659267 0.543007430953947 0.5035986246294768
A -0.3860475449207996 -0.5021803497771877 0.13388797287744156
P 0.9820029596478761 -0.3997720665349279 5.242124965326127
T 0.4581817872525675
D 1.3497895163887697
DDP 0.14863807120112738 -0.016577249066205845 0.9887527085186698
DDT -0.6723531946034191
END
SDG_SPH
C0 0.06303559312673368 -1.3208373151320574 -0.01627252212715735
R 0.4074812196482345
V 0.3272304519258087 0.12904907466544088 0.9088191909442948
A -0.46089703569950347 -0.11392770240869782 -0.9969510150052658
P -0.4898849181761382 -1.4218550303591324 -0.553575059223983
T 0.4222440947775073
D 0.6584199144946965
DDP -0.6098173017886098 -0.13636521338510146 -0.7807223495056969
DDT 0.4727966866827435
END
SDG_SPH
C0 0.06303559312673368 -1.3208373151320574 -0.01627252212715735
R 0.4074812196482345
V 0.3272304519258087 0.12904907466544088 0.9088191909442948
A -0.46089703569950347 -0.11392770240869782 -0.9969510150052658
P -1.9928956556097008 -3.18460019166357 1.0593642577158753
T 0.6698261698386416
D 2.5753840414890936
DDP -0.7280664432292507 -0.645233810327268 0.23150072192989704
DDT -0.008295761332563385
END
SDG_SPH
C0 0.06303559312673368 -1.3208373151320574 -0.01627252212715735
R 0.4074812196482345
V 0.3272304519258087 0.12904907466544088 0.9088191909442948
A -0.46089703569950347 -0.11392770240869782 -0.9969510150052658
P 2.1825320846606946 -0.22073593515232148 0.8896569971589896
T 0.7905269803993715
D 1.9026767463209477
DDP 0.8678310670200698 0.44745130203235756 0.21600132273751305
DDT -0.011301472383956884
END
SDG_SPH
C0 0.06303559312673368 -1.3208373151320574 -0.01627252212715735
R 0.4074812196482345
V 0.3272304519258087 0.12904907466544088 0.9088191909442948
A -0.46089703569950347 -0.11392770240869782 -0.9969510150052658
P -0.8736770944357813 -0.8515320054197311 -0.7127128696741462
T 1.4507738906518801
D 0.9898513906740816
DDP -0.6629879945097594 0.28767571362412225 -0.6911509263010353
DDT -0.5874535051913282
END
SDG_SPH
C0 0.06303559312673368 -1.3208373151320574 -0.01627252212715735
R 0.4074812196482345
V 0.3272304519258087 0.12904907466544088 0.9088191909442948
A -0.46089703569950347 -0.11392770240869782 -0.9969510150052658
P 0.5837676262665052 -2.536908339636247 -1.4770426393548928
T 0.27119631144039386
D 1.724906984438995
DDP 0.21053260335679608 -0.5847336379779967 -0.7834300195555612
DDT 0.5149961991179385
END
SDG_SPH
C0 0.06303559312673368 -1.3208373151320574 -0.01627252212715735
R 0.4074812196482345
V 0.3272304519258087 0.12904907466544088 0.9088191909442948
A -0.46089703569950347 -0.11392770240869782 -0.9969510150052658
P 0.1902688211038986 -1.165773947864075 1.7907707428751694
T 1.2262509920844455
D 1.0388490052181443
DDP 0.050119977359353564 0.057022157613728766 0.9971140663989114
DDT 0.3253210453758431
END
SDG_BOX
LO -2.726168650789802 1.110236414694812 0.8409850050451166
HI -0.5558293240188912 3.3045297226153494 3.1660309889612672
P 0.25290859851054903 4.11326764514479 3.9747689114907074
T 0.0
D 1.400775171828693
DDP 0.5773502691896258 0.5773502691896258 0.5773502691896258
DDT 0.0
END
SDG_BOX
LO -2.726168650789802 1.110236414694812 0.8409850050451166
HI -0.5558293240188912 3.3045297226153494 3.1660309889612672
P 1.1278371901411184 -0.573430099465198 -0.8426815091148931
T 0.0
D 2.9161959455275213
DDP 0.5773502691896257 -0.5773502691896258 -0.5773502691896258
DDT 0.0
END
SDG_BOX
LO -2.726168650789802 1.110236414694812 0.8409850050451166
HI -0.5558293240188912 3.3045297226153494 3.1660309889612672
P -4.551710924708385 -0.715305859223772 4.991573262879851
T 0.0
D 3.1619319697918074
DDP -0.5773502691896257 -0.5773502691896258 0.5773502691896258
DDT 0.0
END
SDG_BOX
LO -2.726168650789802 1.110236414694812 0.8409850050451166
HI -0.5558293240188912 3.3045297226153494 3.1660309889612672
P -1.5195619491754224 2.1804732599144434 1.8873339401127682
T 0.0
D -0.9637326251565312
DDP 1.0 0.0 0.0
DDT 0.0
END
SDG_BOX
LO -2.726168650789802 1.110236414694812 0.8409850050451166
HI -0.5558293240188912 3.3045297226153494 3.1660309889612672
P -1.5378632781608945 2.122785650347044 2.1069956089213053
T 0.0
D -0.9820339541420033
DDP 1.0 0.0 0.0
DDT 0.0
END
SDG_BOX
LO -0.7597728573475846 -1.5017078258018155 0.6973162429547579
HI 1.5540438974890465 -0.16902262741425433 2.5576817021965694
P 2.635433954379786 0.9123674294764847 -0.38407381393598117
T 0.0
D 1.8730225213345588
DDP 0.5773502691896258 0.5773502691896257 -0.5773502691896257
DDT 0.0
END
SDG_BOX
LO -0.7597728573475846 -1.5017078258018155 0.6973162429547579
HI 1.5540438974890465 -0.16902262741425433 2.5576817021965694
P 2.512914863995184 0.7898483390918833 3.5165526687027073
T 0.0
D 1.6608132318913058
DDP 0.5773502691896257 0.5773502691896257 0.5773502691896258
DDT 0.0
END
SDG_BOX
LO -0.7597728573475846 -1.5017078258018155 0.6973162429547579
HI 1.5540438974890465 -0.16902262741425433 2.5576817021965694
P 3.219488929762882 1.496422404859581 4.223126734470405
T 0.0
D 2.8846354131114715
DDP 0.5773502691896257 0.5773502691896257 0.5773502691896258
DDT 0.0
END
SDG_BOX
LO -0.7597728573475846 -1.5017078258018155 0.6973162429547579
HI 1.5540438974890465 -0.16902262741425433 2.5576817021965694
P 0.365094394471759 -0.7903137601568624 1.5797266105660352
T 0.0
D -0.621291132742608
DDP 0.0 1.0 0.0
DDT 0.0
END
SDG_BOX
LO -0.7597728573475846 -1.5017078258018155 0.6973162429547579
HI 1.5540438974890465 -0.16902262741425433 2.5576817021965694
P 0.36555650760700903 -0.8323570273887205 1.6020258476888756
T 0.0
D -0.6633343999744662
DDP 0.0 1.0 0.0
DDT 0.0
END
SDG_BOX
LO 0.8136814863051224 0.6355617655739534 1.4591549243544608
HI 1.7384035337043242 2.420299384185096 2.674059235474847
P 3.2099195184594564 -0.8359542191811791 4.145575220229979
T 0.0
D 2.5487404497456385
DDP 0.5773502691896257 -0.5773502691896258 0.5773502691896257
DDT 0.0
END
SDG_BOX
LO 0.8136814863051224 0.6355617655739534 1.4591549243544608
HI 1.7384035337043242 2.420299384185096 2.674059235474847
P -0.38797195891820424 -0.5660916796493733 0.2575014791311343
T 0.0
D 2.0813248202169863
DDP -0.5773502691896257 -0.5773502691896258 -0.5773502691896257
DDT 0.0
END
SDG_BOX
LO 0.8136814863051224 0.6355617655739534 1.4591549243544608
HI 1.7384035337043242 2.420299384185096 2.674059235474847
P -0.12666735144136343 3.360648221931582 3.6144080732213326
T 0.0
D 1.6287319638152558
DDP -0.5773502691896258 0.5773502691896257 0.5773502691896257
DDT 0.0
END
SDG_BOX
LO 0.8136814863051224 0.6355617655739534 1.4591549243544608
HI 1.7384035337043242 2.420299384185096 2.674059235474847
P 1.3202615814179206 1.5447847805781274 2.0373687013674693
T 0.0
D -0.4181419522864036
DDP 1.0 0.0 0.0
DDT 0.0
END
SDG_BOX
LO 0.8136814863051224 0.6355617655739534 1.4591549243544608
HI 1.7384035337043242 2.420299384185096 2.674059235474847
P 1.3092102599103745 1.4766051980356243 2.011954564316505
T 0.0
D -0.42919327379394967
DDP 1.0 0.0 0.0
DDT 0.0
END
SDG_BOX
LO 0.643961107774027 -1.168950997213296 -2.377058907812919
HI 2.535884962705639 0.08965664994431632 -0.7476327259430853
P -0.2537407391143909 0.9873584968327342 0.15006912094533265
T 0.0
D 1.5548652088591568
DDP -0.5773502691896258 0.5773502691896258 0.5773502691896258
DDT 0.0
END
SDG_BOX
LO 0.643961107774027 -1.168950997213296 -2.377058907812919
HI 2.535884962705639 0.08965664994431632 -0.7476327259430853
P -0.5665679584565839 -2.379480063443907 -3.5875879740435295
T 0.0
D 2.0966978467503283
DDP -0.5773502691896258 -0.5773502691896258 -0.5773502691896256
DDT 0.0
END
SDG_BOX
LO 0.643961107774027 -1.168950997213296 -2.377058907812919
HI 2.535884962705639 0.08965664994431632 -0.7476327259430853
P 4.481874548813581 2.0356462360522585 -4.323048493920861
T 0.0
D 3.370552834138886
DDP 0.5773502691896257 0.5773502691896258 -0.5773502691896257
DDT 0.0
END
SDG_BOX
LO 0.643961107774027 -1.168950997213296 -2.377058907812919
HI 2.535884962705639 0.08965664994431632 -0.7476327259430853
P 1.6186774018934311 -0.5553972115522484 -1.5147383892402666
T 0.0
D -0.6135537856610477
DDP 0.0 -1.0 0.0
DDT 0.0
END
SDG_BOX
LO 0.643961107774027 -1.168950997213296 -2.377058907812919
HI 2.535884962705639 0.08965664994431632 -0.7476327259430853
P 1.548404160700154 -0.5279450538559541 -1.4851184406141993
T 0.0
D -0.6176017038002705
DDP 0.0 1.0 0.0
DDT 0.0
END
VANDER
K 4
TAUS 0.4145766608003771 0.6316640576604525 0.7460940778038235 0.7375591069000803
B0 1.0 0.4145766608003771 0.17187380768039093 0.07125486926718268 0.029540605766556004 0.012246845696719152 1.0 0.6316640576604525 0.3989994817400675 0.25203363164034864 0.15920058642884247 0.10056128840556619 1.0 0.7460940778038235 0.5566563729339379 0.4153180232177677 0.30986631752796734 0.23118942441849555 1.0 0.7375591069000803 0.5439934361712441 0.4012273129419686 0.2959288585973974 0.21826502465305658
B1 0.0 1.0 0.8291533216007542 0.5156214230411728 0.2850194770687307 0.14770302883278003 0.0 1.0 1.263328115320905 1.1969984452202025 1.0081345265613946 0.7960029321442124 0.0 1.0 1.492188155607647 1.6699691188018138 1.6612720928710707 1.5493315876398368 0.0 1.0 1.4751182138001606 1.6319803085137323 1.6049092517678745 1.479644292986987
B2 0.0 0.0 2.0 2.4874599648022624 2.062485692164691 1.4250973853436535 0.0 0.0 2.0 3.789984345962715 4.78799378088081 5.040672632806973 0.0 0.0 2.0 4.476564466822941 6.679876475207255 8.306360464355354 0.0 0.0 2.0 4.425354641400482 6.527921234054929 8.024546258839372
B3 0.0 0.0 0.0 6.0 9.94983985920905 10.312428460823456 0.0 0.0 0.0 6.0 15.15993738385086 23.93996890440405 0.0 0.0 0.0 6.0 17.906257867291764 33.39938237603627 0.0 0.0 0.0 6.0 17.701418565601927 32.63960617027465
END
VANDER
K 8
TAUS 0.6518506410831011 0.49687534521571175 0.47163666538547533 0.15198292054690463 0.9550163357812448 1.101173462526922 0.19739251787266426 0.18583468398742645
B0 1.0 0.6518506410831011 0.4249092582804499 0.27697737241225623 0.18054787777244205 0.11769024987215973 1.0 0.49687534521571175 0.2468851086832327 0.12267112360559977 0.06095225688953163 0.030285673683662775 1.0 0.47163666538547533 0.22244114413593083 0.1049113994648003 0.049480062604501954 0.023336611729851856 1.0 0.15198292054690463 0.023098808137966723 0.003510624321960791 0.0005335549373945978 8.109123765745182e-05 1.0 0.9550163357812448 0.9120562016090353 0.8710285716872211 0.8318465148935013 0.7944270105859902 1.0 1.101173462526922 1.2125829945735307 1.3352642147357987 1.4703575187289109 1.6191186800512085 1.0 0.19739251787266426 0.03896380611211008 0.007691163794371714 0.0015181781867421068 0.0002996770148603804 1.0 0.18583468398742645 0.03453452977270665 0.006417713426965311 0.0011926337466219622 0.00022163271541623275
B1 0.0 1.0 1.3037012821662022 1.2747277748413497 1.107909489649025 0.9027393888622103 0.0 1.0 0.9937506904314235 0.7406553260496982 0.4906844944223991 0.30476128444765815 0.0 1.0 0.9432733307709507 0.6673234324077925 0.4196455978592012 0.24740031302250975 0.0 1.0 0.30396584109380925 0.06929642441390017 0.014042497287843164 0.0026677746869729893 0.0 1.0 1.9100326715624896 2.736168604827106 3.4841142867488846 4.159232574467506 0.0 1.0 2.202346925053844 3.6377489837205923 5.341056858943195 7.351787593644554 0.0 1.0 0.3947850357453285 0.11689141833633024 0.030764655177486857 0.007590890933710534 0.0 1.0 0.3716693679748529 0.10360358931811994 0.025670853707861242 0.005963168733109811
B2 0.0 0.0 2.0 3.9111038464986065 5.098911099365399 5.539547448245124 0.0 0.0 2.0 2.9812520712942705 2.9626213041987928 2.4534224721119955 0.0 0.0 2.0 2.829819992312852 2.66929372963117 2.098227989296006 0.0 0.0 2.0 0.9118975232814277 0.2771856976556007 0.07021248643921582 0.0 0.0 2.0 5.730098014687469 10.944674419308424 17.420571433744424 0.0 0.0 2.0 6.607040775161533 14.55099593488237 26.705284294715973 0.0 0.0 2.0 1.1843551072359855 0.46756567334532095 0.15382327588743427 0.0 0.0 2.0 1.1150081039245587 0.41441435727247977 0.1283542685393062
B3 0.0 0.0 0.0 6.0 15.644415385994426 25.494555496826994 0.0 0.0 0.0 6.0 11.925008285177082 14.813106520993962 0.0 0.0 0.0 6.0 11.319279969251408 13.34646864815585 0.0 0.0 0.0 6.0 3.647590093125711 1.3859284882780034 0.0 0.0 0.0 6.0 22.920392058749876 54.72337209654212 0.0 0.0 0.0 6.0 26.42816310064613 72.75497967441184 0.0 0.0 0.0 6.0 4.737420428943942 2.337828366726605 0.0 0.0 0.0 6.0 4.460032415698235 2.072071786362399
END
VANDER
K 16
TAUS 1.1927743838399463 0.006499795873747249 1.009151159457703 1.1501629135128202 0.8917617820901264 0.30676503842972985 0.9304557971104203 0.7369533752550601 0.868329123013528 0.5856415175664272 0.3621813275710373 1.1184428943833504 0.6740912013461288 0.4108876397221411 0.22178807062995948 0.811354942011793
B0 1.0 1.1927743838399463 1.4227107307447635 1.696972915246565 2.0241058233762987 2.414301576304512 1.0 0.006499795873747249 4.2247346400381765e-05 2.7459912780997207e-07 1.7848382778738501e-09 1.1601084473830597e-11 1.0 1.009151159457703 1.0183860626348262 1.0277054758834998 1.037110172568864 1.0466009331332478 1.0 1.1501629135128202 1.322874727620299 1.5215214509322417 1.7499975449764804 2.0127822749704314 1.0 0.8917617820901264 0.795239075996558 0.709163815598396 0.6324051879918593 0.5639547774466619 1.0 0.30676503842972985 0.09410478880279363 0.0288680591535106 0.008855711275618393 0.0027166226097876684 1.0 0.9304557971104203 0.8657479903763875 0.8055402364824061 0.7495195828407536 0.6973948409019631 1.0 0.7369533752550601 0.5431002772998255 0.40023958245806546 0.2949579112031473 0.2173702282193417 1.0 0.868329123013528 0.7539954658734427 0.6547162216380631 0.5685091625577099 0.4936530625488915 1.0 0.5856415175664272 0.34297598709750793 0.20086097757262789 0.1176325277255099 0.06889049205234245 1.0 0.3621813275710373 0.13117531404111904 0.04750924938396023 0.017206963013786204 0.006232040707798824 1.0 1.1184428943833504 1.2509145079966064 1.3990764429498492 1.5647871063163918 1.7501250202822527 1.0 0.6740912013461288 0.45439894773226713 0.3063063325672607 0.20647840370019163 0.13918527520229312 1.0 0.4108876397221411 0.16882865247643203 0.06936960653351076 0.028503113897007857 0.011711577193872917 1.0 0.22178807062995948 0.049189948273759894 0.010909743722024712 0.002419651011175174 0.0005366497293663724 1.0 0.811354942011793 0.65829684192696 0.5341123960081952 0.433354732091009 0.35160450352623673
B1 0.0 1.0 2.3855487676798925 4.26813219223429 6.78789166098626 10.120529116881494 0.0 1.0 0.012999591747494498 0.0001267420392011453 1.0983965112398883e-06 8.924191389369251e-09 0.0 1.0 2.018302318915406 3.0551581879044787 4.110821903533999 5.1855508628443205 0.0 1.0 2.3003258270256404 3.9686241828608972 6.086085803728967 8.749987724882402 0.0 1.0 1.7835235641802527 2.385717227989674 2.836655262393584 3.1620259399592965 0.0 1.0 0.6135300768594597 0.2823143664083809 0.1154722366140424 0.044278556378091964 0.0 1.0 1.8609115942208405 2.5972439711291626 3.2221609459296245 3.747597914203768 0.0 1.0 1.4739067505101202 1.6293008318994764 1.6009583298322618 1.4747895560157365 0.0 1.0 1.736658246027056 2.261986397620328 2.6188648865522524 2.8425458127885497 0.0 1.0 1.1712830351328545 1.0289279612925237 0.8034439102905115 0.5881626386275495 0.0 1.0 0.7243626551420747 0.3935259421233571 0.1900369975358409 0.08603481506893101 0.0 1.0 2.236885788766701 3.7527435239898193 5.596305771799397 7.823935531581959 0.0 1.0 1.3481824026922575 1.3631968431968013 1.2252253302690428 1.032392018500958 0.0 1.0 0.8217752794442822 0.5064859574292961 0.27747842613404305 0.1425155694850393 0.0 1.0 0.44357614125991895 0.1475698448212797 0.04363897488809885 0.01209825505587587 0.0 1.0 1.622709884023586 1.97489052578088 2.1364495840327806 2.166773660455045
B2 0.0 0.0 2.0 7.156646303039677 17.07252876893716 33.9394583049313 0.0 0.0 2.0 0.03899877524248349 0.0005069681568045811 5.4919825561994415e-06 0.0 0.0 2.0 6.054906956746217 12.220632751617915 20.554109517669996 0.0 0.0 2.0 6.9009774810769215 15.874496731443589 30.430429018644833 0.0 0.0 2.0 5.350570692540758 9.542868911958696 14.183276311967921 0.0 0.0 2.0 1.8405902305783792 1.1292574656335237 0.577361183070212 0.0 0.0 2.0 5.582734782662522 10.38897588451665 16.110804729648123 0.0 0.0 2.0 4.421720251530361 6.5172033275979055 8.004791649161309 0.0 0.0 2.0 5.2099747380811685 9.047945590481312 13.094324432761262 0.0 0.0 2.0 3.513849105398563 4.115711845170095 4.017219551452557 0.0 0.0 2.0 2.173087965426224 1.5741037684934285 0.9501849876792046 0.0 0.0 2.0 6.710657366300103 15.010974095959277 27.981528858996985 0.0 0.0 2.0 4.044547208076772 5.452787372787205 6.1261266513452135 0.0 0.0 2.0 2.4653258383328467 2.0259438297171846 1.3873921306702153 0.0 0.0 2.0 1.3307284237797568 0.5902793792851188 0.21819487444049424 0.0 0.0 2.0 4.868129652070758 7.89956210312352 10.682247920163903
B3 0.0 0.0 0.0 6.0 28.62658521215871 85.3626438446858 0.0 0.0 0.0 6.0 0.15599510096993396 0.002534840784022906 0.0 0.0 0.0 6.0 24.21962782698487 61.10316375808957 0.0 0.0 0.0 6.0 27.603909924307686 79.37248365721794 0.0 0.0 0.0 6.0 21.402282770163033 47.714344559793474 0.0 0.0 0.0 6.0 7.362360922313517 5.646287328167618 0.0 0.0 0.0 6.0 22.330939130650087 51.94487942258325 0.0 0.0 0.0 6.0 17.686881006121443 32.58601663798953 0.0 0.0 0.0 6.0 20.839898952324674 45.23972795240656 0.0 0.0 0.0 6.0 14.055396421594253 20.578559225850476 0.0 0.0 0.0 6.0 8.692351861704896 7.870518842467142 0.0 0.0 0.0 6.0 26.84262946520041 75.05487047979639 0.0 0.0 0.0 6.0 16.17818883230709 27.263936863936028 0.0 0.0 0.0 6.0 9.861303353331387 10.129719148585922 0.0 0.0 0.0 6.0 5.322913695119027 2.9513968964255937 0.0 0.0 0.0 6.0 19.472518608283032 39.4978105156176
END
