VOXEL_IN_N 8
VOXEL_IN 0.05 0.05 0.05 0.06 0.04 0.05 0.3 0.1 0.1 0.31 0.11 0.09 0.3 0.1 0.45 -0.1 -0.1 0.2 -0.05 -0.12 0.21 1.0 1.0 1.0
VOXEL_LEAF 0.2
VOXEL_OUT_N 5
VOXEL_OUT 0.05 0.05 0.05 0.3 0.1 0.1 0.3 0.1 0.45 -0.1 -0.1 0.2 1.0 1.0 1.0
CLUST_IN_N 28
CLUST_IN 0.00012301533574825743 0.02987455375084699 0.9725862144637782 -0.08905918387572742 -0.04546707851717226 0.9008353445003537 0.006014360259743849 0.13402152455545335 0.950779348144867 -0.062047489981994046 0.04898420501851983 1.035688700816006 0.010541424899789856 -0.09304680447082048 0.9970748177536727 0.06953031944582878 -0.1344214547285082 0.9542384238959782 -0.1901222739800844 -0.1289537739784976 0.8158264962208268 -0.02350911310746813 -0.12674464814437034 1.0271264358821701 0.015675108662422516 -0.018693094462995438 0.7483240289179487 -0.053869289584663665 -0.004850094540107199 1.0113308986003307 -0.15301357655053938 -0.047775327603393064 0.902148092194336 -0.08088372394255994 0.10608986233860787 0.9192465324668103 4.996747829505448 5.088438986738318 0.9416399567256698 4.9888298050415845 5.011046414324948 1.0063781774255063 4.877494417358231 5.007614023037701 1.1358823421741537 4.845285532187152 5.08593826880216 1.011935402569658 4.935852960589278 5.2000416546342425 1.0762259712084712 4.880071109789478 5.007451622877146 1.0576689583670185 4.981121787464925 5.06829102671952 0.9933482679850585 5.066724756083433 5.143852259165615 0.9324337748994347 5.020313861038961 4.953669242346159 1.0127268411225832 4.881280547214986 4.942069840349733 0.9803804027195503 5.089876387210041 5.114522200745413 0.8676472207515745 4.920535763401295 5.064690342257342 0.8007580215825505 4.953683013504763 4.990271307432991 1.1257014977286819 5.068940390057076 4.96727865797778 0.963142410590004 4.974980459948208 5.152352940045616 0.9571975057427132 2.5 2.5 3.0
CLUST_PARAMS 2.0 10 2000
CLUST_NCLUST 2
CLUST_0 -0.060295977267127814 -0.0001999650865274205 0.8920063648669774 0.2596525934259132 0.26844297928396155 0.28736467189805737 12
CLUST_1 4.967580959698596 5.071055747491988 0.9683201818783521 0.24459085502288946 0.25797181428450955 0.33512432059160324 15
EKF_IN_X 1.0 2.0 1.5 0.3 -0.2 0.1 0.05 0.0 -0.05
EKF_IN_P 0.2 0.0 0.0 0.0 0.0 0.0 0.0 0.0 0.0 0.0 0.3 0.0 0.0 0.0 0.0 0.0 0.0 0.0 0.0 0.0 0.1 0.0 0.0 0.0 0.0 0.0 0.0 0.0 0.0 0.0 0.05 0.0 0.0 0.0 0.0 0.0 0.0 0.0 0.0 0.0 0.05 0.0 0.0 0.0 0.0 0.0 0.0 0.0 0.0 0.0 0.05 0.0 0.0 0.0 0.0 0.0 0.0 0.0 0.0 0.0 0.02 0.0 0.0 0.0 0.0 0.0 0.0 0.0 0.0 0.0 0.02 0.0 0.0 0.0 0.0 0.0 0.0 0.0 0.0 0.0 0.02
EKF_IN_Q 0.01 0.0 0.0 0.0 0.0 0.0 0.0 0.0 0.0 0.0 0.01 0.0 0.0 0.0 0.0 0.0 0.0 0.0 0.0 0.0 0.01 0.0 0.0 0.0 0.0 0.0 0.0 0.0 0.0 0.0 0.01 0.0 0.0 0.0 0.0 0.0 0.0 0.0 0.0 0.0 0.01 0.0 0.0 0.0 0.0 0.0 0.0 0.0 0.0 0.0 0.01 0.0 0.0 0.0 0.0 0.0 0.0 0.0 0.0 0.0 0.01 0.0 0.0 0.0 0.0 0.0 0.0 0.0 0.0 0.0 0.01 0.0 0.0 0.0 0.0 0.0 0.0 0.0 0.0 0.0 0.01
EKF_IN_R 0.01 0.0 0.0 0.0 0.01 0.0 0.0 0.0 0.01
EKF_DT 0.1
EKF_PRED_X 1.03025 1.98 1.50975 0.305 -0.2 0.095 0.05 0.0 -0.05
EKF_PRED_P 0.2105005 0.0 0.0 0.0050100000000000006 0.0 0.0 0.00010000000000000002 0.0 0.0 0.0 0.3105005 0.0 0.0 0.0050100000000000006 0.0 0.0 0.00010000000000000002 0.0 0.0 0.0 0.1105005 0.0 0.0 0.0050100000000000006 0.0 0.0 0.00010000000000000002 0.0050100000000000006 0.0 0.0 0.060200000000000004 0.0 0.0 0.002 0.0 0.0 0.0 0.0050100000000000006 0.0 0.0 0.060200000000000004 0.0 0.0 0.002 0.0 0.0 0.0 0.0050100000000000006 0.0 0.0 0.060200000000000004 0.0 0.0 0.002 0.00010000000000000002 0.0 0.0 0.002 0.0 0.0 0.03 0.0 0.0 0.0 0.00010000000000000002 0.0 0.0 0.002 0.0 0.0 0.03 0.0 0.0 0.0 0.00010000000000000002 0.0 0.0 0.002 0.0 0.0 0.03
AEKF_Z 1.05 2.02 1.48
AEKF_BBOX 0.6 0.6 1.8
AEKF_ALPHA 0.98
AEKF_X 1.049104310421065 2.0187519520250357 1.4824688694237782 0.3054487404790465 -0.19937472796454297 0.09376309641868706 0.05000895689578935 1.2480479749641588e-05 -0.05002468869423778
AEKF_P 0.009546486289146748 0.0 0.0 0.00022721036913748522 0.0 0.0 4.535137108532639e-06 0.0 0.0 0.0 0.009687988006258957 0.0 0.0 0.0001563180088642607 0.0 0.0 3.120119937410393e-06 0.0 0.0 0.0 0.0091701279247804 0.0 0.0 0.00041576590968502237 0.0 0.0 8.298720752196056e-06 0.00022721036913748473 0.0 0.0 0.06008616760506212 0.0 0.0 0.0019977278963086253 0.0 0.0 0.0 0.0001563180088642608 0.0 0.0 0.06012168467755901 0.0 0.0 0.0019984368199113573 0.0 0.0 0.0 0.000415765909685022 0.0 0.0 0.05999170127924781 0.0 0.0 0.0019958423409031497 4.53513710853264e-06 0.0 0.0 0.0019977278963086253 0.0 0.0 0.029999954648628913 0.0 0.0 0.0 3.1201199374103966e-06 0.0 0.0 0.0019984368199113573 0.0 0.0 0.029999968798800625 0.0 0.0 0.0 8.298720752196052e-06 0.0 0.0 0.0019958423409031497 0.0 0.0 0.029999917012792476
AEKF_R 0.01401002604519644 2.235727130373405e-08 -4.422681229259588e-08 2.235727130373405e-08 0.016010041152474962 -6.162534969595678e-08 -4.422681229259588e-08 -6.162534969595678e-08 0.012010131906324635
AEKF_Q 0.009807109700429077 1.4612826658044709e-05 -1.0287338090433675e-05 1.6921384580881214e-07 2.357814610823622e-07 -4.664192816600172e-07 3.37752187243138e-09 4.7062167880711015e-09 -9.309766100998346e-09 1.4612826658044709e-05 0.009830034275715013 -2.114394126556961e-05 3.477913903140563e-07 4.846102384125582e-07 -9.58648564852682e-07 6.941943918444237e-09 9.672859050150862e-09 -1.9134701893267105e-08 -1.0287338090433675e-05 -2.114394126556961e-05 0.009814885201710337 -2.4484295207409355e-07 -3.4116256089926993e-07 6.748825622398893e-07 -4.887084871738394e-09 -6.809631954077245e-09 1.347070982514749e-08 1.6921384580881214e-07 3.477913903140563e-07 -2.448429520740935e-07 0.009800004027360351 5.611697454507873e-09 -1.1100974112254773e-08 8.03864341456729e-11 1.1200992923169408e-10 -2.215763295859236e-10 2.357814610823622e-07 4.846102384125582e-07 -3.4116256089926993e-07 5.611697454507873e-09 0.009800007819302367 -1.546802439903297e-08 1.120099292316941e-10 1.5607389953077636e-10 -3.0874300197670605e-10 -4.664192816600172e-07 -9.586485648526818e-07 6.748825622398893e-07 -1.1100974112254776e-08 -1.546802439903297e-08 0.009800030598609389 -2.2157632958592366e-10 -3.0874300197670595e-10 6.107506864130835e-10 3.37752187243138e-09 6.941943918444238e-09 -4.887084871738394e-09 8.038643414567288e-11 1.120099292316941e-10 -2.2157632958592366e-10 0.00980000000160452 2.235727130373136e-12 -4.422681229259954e-12 4.7062167880711015e-09 9.672859050150862e-09 -6.809631954077244e-09 1.120099292316941e-10 1.5607389953077636e-10 -3.0874300197670595e-10 2.2357271303731356e-12 0.009800000003115247 -6.16253496959493e-12 -9.309766100998346e-09 -1.9134701893267105e-08 1.347070982514749e-08 -2.215763295859236e-10 -3.0874300197670605e-10 6.107506864130835e-10 -4.422681229259953e-12 -6.1625349695949305e-12 0.009800000012190632
AEKF_BBOX_OUT 0.55 0.55 1.15
POLY_T 0.0 0.1 0.2 0.30000000000000004 0.4 0.5 0.6000000000000001 0.7000000000000001 0.8 0.9 1.0 1.1 1.2000000000000002 1.3 1.4000000000000001 1.5 1.6 1.7000000000000002 1.8 1.9000000000000001 2.0
POLY_Y 0.5 0.5829604041332268 0.6596928494679006 0.7300165381925496 0.7938407817193446 0.8511998997320811 0.902276952617564 0.9474141873329776 0.9871092636110231 1.0219975976046767 1.0528224001611974 1.0803950861171352 1.105549591134103 1.1290946768163204 1.1517684845517282 1.1741993976466985 1.1968767078232836 1.2201337063534456 1.2441447102488803 1.2689362891480476 1.2944116900360219
POLY_B3 0.10022877167092083 -0.45657176762500606 0.9113876458129754 0.49710578821551465
POLY_V3 2.3255955665516823e-06
POLY_B5 -0.02744468020981866 0.14325511936262253 -0.16525881698399117 -0.250836880731191 0.8529159535679063 0.5001339443280016
POLY_V5 1.1015985823131429e-08
PRED_STATE 1.0 2.0 1.5 0.4 -0.3 0.0 1.0 -1.0 0.0
PRED_STEPS 20
PRED_DT 0.1
PRED_T 0.0 0.0 0.1 0.2 0.30000000000000004 0.4 0.5 0.6000000000000001 0.7000000000000001 0.8 0.9 1.0 1.1 1.2000000000000002 1.3 1.4000000000000001 1.5 1.6 1.7000000000000002 1.8 1.9000000000000001
PRED_X 1.0 1.0 1.052 1.1680000000000001 1.354 1.618 1.9680000000000002 2.4120000000000004 2.9580000000000006 3.6140000000000008 4.388000000000001 5.288000000000001 6.322000000000001 7.498000000000001 8.824000000000002 10.308000000000002 11.958000000000002 13.782000000000004 15.788000000000004 17.984 20.378
PRED_Y 2.0 2.0 1.958 1.8499999999999999 1.6639999999999997 1.3999999999999997 1.0499999999999996 0.6059999999999995 0.05999999999999947 -0.5960000000000005 -1.3700000000000006 -2.2700000000000005 -3.3040000000000003 -4.48 -5.806000000000001 -7.290000000000001 -8.940000000000001 -10.764000000000003 -12.770000000000003 -14.966000000000005 -17.360000000000003
PRED_Z 1.5 1.5 1.5 1.5 1.5 1.5 1.5 1.5 1.5 1.5 1.5 1.5 1.5 1.5 1.5 1.5 1.5 1.5 1.5 1.5 1.5
