SPHERE
C0 0.666563579681827 -0.7031004572950312 0.6004231526940131
R 0.7781347204634059
V 0.6324575844117477 -0.4696753890279187 1.1869153080481134
A 0.18736078345547108 -1.070959200924784 -0.21100817079014852
N 8
PTS -4.424730893349821 -3.3394159897854947 2.5740676597470245 1.799386028464708 2.015289712070329 -3.9473967616908476 -4.535885224963976 4.3190593305236895 -0.7832063045376723 -4.661545065607335 -2.801693050963563 -0.10203408950045034 -1.7686575143033743 -3.967664456890679 3.2656182183077753 -3.7200897055508975 -2.999812751055048 -3.2993003574330935 3.92014366399337 2.3869287273868824 2.779018824420378 -4.256148121370526 -3.679482832124549 -3.3573825889143594
TS 0.622036092699773 0.267559265712465 0.315512716940775 0.08655900684384155 0.6988637946076544 0.22253701596784703 0.31009885945774185 1.5189932585281833
PRED 1.0962226752686235 -1.2024480342351966 1.2979047335048477 0.842489854759737 -0.8671003520832934 0.9104405186626121 0.8754377118451676 -0.9045950856509225 0.9644072766556724 0.7220103768032194 -0.7477671528875609 0.702370877651003 1.1543197837039596 -1.2928734966823172 1.3783859747440426 0.8119481113776943 -0.8341390250235123 0.859330893907003 0.8716963837633912 -0.9002386756639599 0.9583388257075526 1.843414950420025 -2.652067986412994 2.159905652863002
VELAT 0.7490027540775572 -1.1358506658120424 1.055660609962083 0.6825876980564057 -0.7562204464353621 1.1304581168121708 0.6915722942479356 -0.8075766362444186 1.1203395467854105 0.6486753477491374 -0.5623765538302422 1.1686506503485825 0.7633972524981012 -1.2181300000561945 1.0394493371164901 0.6741522940713263 -0.70800345382503 1.13995817937564 0.6905579496683982 -0.8017786157604688 1.1214819149498239 0.917057351393167 -2.0964551953913957 0.8663953191235143
SD 5.2779491762642925 4.95094948310479 6.943467096208358 5.03979860224437 3.6104810643399556 5.742886928505158 4.0606023062548795 7.510455055535536
END
SPHERE
C0 -1.6310025302488727 -0.22357479737798736 1.1483997941659476
R 0.616816420194557
V -1.841031052915841 2.015262064267297 -0.34359036348913896
A -0.35961816823517867 -0.10800432487680464 -0.8937681119519283
N 8
PTS 3.0516357520445645 2.7302286873604364 3.951689991586541 2.156421635982962 2.602669293536408 3.2734672861073015 2.3856260651322803 1.4070211434657978 -0.5149377887227455 3.0652701891769922 -0.5194843219576208 -1.4820036760955624 -1.025080779564992 0.46870020038448246 4.875895636714205 -4.436537588442126 -4.51974744236273 -4.3750330345689195 -2.8433163329947906 0.22866744225844116 -2.710198618191846 -2.7300608934268 3.57440920959111 -2.1115004341861434
TS 1.4551129243542085 1.5491849061810372 0.8463004967971743 0.05051611557035063 0.6544229173307239 1.2726875599351293 0.9445778231782846 1.9564659858011073
PRED -4.690630025120989 2.59451740402969 -0.2977745592436726 -4.914637153343893 2.7688349956173663 -0.4563952697042032 -3.3178517018705027 1.4432648153290213 0.5375497755016134 -1.7244631185203634 -0.12190939296154116 1.129902550094322 -2.9128221632237223 1.0721314106443613 0.7321596398337578 -4.265302668413263 2.253755043488462 -0.012716519196389275 -3.5304302017875586 1.631814854776721 0.4251298179497071 -5.921183031713255 3.512509612248694 -1.2343876009080077
VELAT -2.3643160973474355 1.858103575252908 -1.6441238945660488 -2.3981460911342527 1.8479433943658783 -1.7282024321509897 -2.1453760873505625 1.923857950467814 -1.0999867606555283 -1.859197565863607 2.009806105309723 -0.38874005672559664 -2.0763734236974374 1.9445815588970834 -0.9284926987298929 -2.2987126219554113 1.8778063035773958 -1.4810779210370661 -2.180718399442788 1.9132435741813247 -1.1878239011028568 -2.544611766944068 1.8039552763264166 -2.092217273716763
SD 8.216022641254193 7.379392564562492 5.183071709355193 4.853253516967232 3.976466149921968 7.44168608982314 2.886215485515402 2.6932317643360353
END
SPHERE
C0 -1.2852735874983858 -2.3357832104608076 -2.4014999095313914
R 0.4874938227368882
V -1.0796226287921689 -0.35219272629707754 -1.334460990220564
A -0.08932217404002518 -0.12256620427718688 1.2472899081337616
N 8
PTS -4.189040572322387 0.03498451694906368 -0.13019853157848083 -1.2817204463827068 -0.07230954509942489 1.307912668601622 -1.3337671659905581 -3.270362313940823 -4.068797272107714 -4.72217575429179 -4.663480375505118 0.9493183509446537 4.606754764147947 3.4778111657116018 3.6266102911309073 -4.4425436274561125 0.5332815029728897 -0.3709527748491297 3.231315242019182 4.253143868279288 -1.9490107908162493 4.647607641570662 0.6361390092294084 2.072182917515587
TS 0.5740942936982849 1.1173450675619083 1.8017601152189016 0.6200934394983788 0.7808727147566659 0.01755333789835034 1.177196310158462 1.994269563652341
PRED -1.9197983692650187 -2.558172990659777 -2.9620627897028973 -2.547342187308762 -2.8058135177162784 -3.1139575354507087 -3.375479631021279 -3.1692957735121725 -2.781315240684641 -1.971913393642694 -2.577739935039088 -2.9891890304364814 -2.1555540830822193 -2.6481690197396013 -3.0632689685793806 -1.3042383292637358 -2.341984250920133 -2.4247319969265995 -2.618092301736202 -2.8353087690730283 -3.1081808035283127 -3.6159542409197885 -3.281880150353638 -2.5824695816022833
VELAT -1.1309019792092725 -0.42255728477286886 -0.6183989713735134 -1.1794263193796972 -0.4891414700959776 0.05919223645244043 -1.2405597593821274 -0.5730276246374852 0.9128562183698954 -1.1350107229161208 -0.42819522547357924 -0.5610247010342828 -1.1493718773227708 -0.44790133096842455 -0.3604863335675612 -1.0811905310949086 -0.3543441722956732 -1.3125668890058897 -1.1847723624874185 -0.49647720972231024 0.13384408733238717 -1.2577551218394483 -0.5966227770194668 1.1529713106213213
SD 3.9727058602198406 4.8629060184808335 1.9283733542191057 4.749499267824933 10.826698092171132 4.238405286766984 8.775626845984872 9.774236977091821
END
SPHERE
C0 1.5177857084993729 -2.674621420773239 1.765149610205274
R 0.7785783582334247
V -1.40656419254337 -2.3243747451492087 0.9134085152133311
A -0.03645344021367584 0.30171430461024995 -0.3746100097981992
N 8
PTS -4.140070575381015 1.8258026458487544 0.4269418000716989 -1.4780247686291847 4.699614534391504 -0.31158531035233583 -0.0897089573546408 2.543366166071573 2.7578068111968026 -0.1966571884836501 -3.3330815596256738 -0.41136830172186656 -1.0429300591821091 3.104504642352145 -2.417956067002308 -3.3803718775242264 0.1067836675612508 3.342054215676873 -0.3816021967205643 0.34275451870847284 -2.2172804382325406 3.774006712442489 -4.389662472559921 2.45762769536483
TS 1.0133480152339847 1.5368526132786708 0.3486540800764202 0.31485102901026973 1.456543395149532 1.487843938167275 0.5576549508338613 0.028002998881710095
PRED 0.0737301270584126 -4.875110637845806 2.4984116391367626 -0.6869461275817019 -5.890530907148234 2.726525194290297 1.0251657298429455 -3.4666860140137556 2.060844481684224 1.073120689010095 -3.3914985550073498 2.034169456756617 -0.5696044028563709 -5.740127839768177 2.6981976867418185 -0.6153104172094347 -5.798978897162901 2.7095256672457526 0.7277400948643958 -3.9239070919658894 2.2162684594523596 1.4783834001788523 -2.7395925868190094 1.790580909254301
VELAT -1.4435042138323493 -2.01863315340471 0.5337982052975424 -1.4625877573987556 -1.860684327645389 0.3376881426946202 -1.41927383320669 -2.219180821829425 0.7827992068597212 -1.4180415957056103 -2.2293796858755535 0.7954621681508208 -1.459660210117078 -1.8849147675470153 0.36777277968486266 -1.4608012225906308 -1.8754709459764936 0.3560472829582969 -1.4268926339534527 -2.1561222694459072 0.704505388617444 -1.4075849981889081 -2.315925839814612 0.9029183115278747
SD 7.403679428565368 10.26710411627698 5.373610623280547 1.9775789906249286 9.45013564464417 5.773038901252644 5.47373301021779 2.1261709312058006
END
SPHERE
C0 1.5971380020443178 1.7551765403999884 1.9778118031497716
R 0.6466325664907723
V -0.5321609461739684 -0.1920344902280516 0.18872885653838298
A 0.5912121783378608 0.2457677900575514 0.6543525431024342
N 8
PTS -3.262558569940607 -1.342119763090702 4.3216681261557355 1.1755030069020176 1.2330258644210854 0.09349530315247812 2.015146478176196 2.69750631460984 0.26922142059490284 -1.8809650000148737 -2.5254562076278644 3.1416729793535367 1.4661945417286155 -2.0066046609481836 -3.987588437554759 -2.797548063009595 3.4576609148110418 2.180717046797726 -0.7929938849760578 3.3209618714326847 -2.6381284088249557 -1.3360705611503434 -2.9145650303223993 -3.886694237047632
TS 0.9137238178327503 1.3324263528638538 1.5293986618717672 0.3665861995947266 0.19058098170480053 1.3421873044592263 0.5493484389588832 0.25352214114611704
PRED 1.3576887976336467 1.6823047372915296 2.4234144494457244 1.4128799556682998 1.7174678750954382 2.810134765964627 1.4746922209045716 1.7489120843200188 3.0317384808656005 1.4417802980856902 1.7012931529515274 2.090964925199102 1.50645498795259 1.7230416982719163 2.02566333944552 1.4154028799263838 1.7188015378621748 2.8205184563232395 1.3940053185042083 1.6867670503868282 2.180226174073266 1.481223050428771 1.7143897203476937 2.046687503209545
VELAT 0.008043702566118638 0.032529393203652085 0.7866263604305085 0.25558574037744175 0.13543298992974093 1.060605429031547 0.37203816825824854 0.1838424390171489 1.1894947603516337 -0.3154307205629722 -0.1019394100880592 0.42860546850944886 -0.41948714883050525 -0.14519582352746413 0.3134360065838777 0.26135653383279234 0.13783191743219433 1.0669925325310787 -0.20737945891058368 -0.05702233841356122 0.5481964046204805 -0.3822755688500939 -0.1297269138679118 0.3546217143301189
SD 5.192647895794988 2.123053669966361 2.323792037202918 4.831508896475724 6.429459561369839 3.9557508838552526 4.891426580511245 7.388875149466759
END
AABB
LO -1.7159629608277704 0.9798903467212174 -2.976238037976442
HI 0.2124040522565318 2.707887971537672 -2.1594349912537885
N 8
PTS -3.397341177752434 2.70537094986821 -1.978525964279033 3.901055084460628 1.213912759357882 1.7310861416669363 0.08129147337837761 -0.28808649339730685 -2.3110509573418314 -1.9510795087290242 3.43324062074519 -1.437395175704074 -0.017812949786042864 0.9483308638392245 -1.5245650419040926 -4.20267774114717 -0.0626378278750721 3.5175281039885924 4.481165204685608 0.8340522799002423 -1.1591485912492572 -3.337279817558292 1.205209986953884 1.5324538782546444
SD 1.6910827254719722 5.361184675338381 1.2679768401185243 1.0501227318977686 0.6356538787320221 6.28478522928429 4.386817000999212 4.032209292028229
END
AABB
LO -1.5491775710525493 -1.7019889175213274 -3.715766188345696
HI -0.7483339673987566 -0.3566896728780713 -0.9932451297834433
N 8
PTS -0.7211820432072411 2.756966560825603 -2.7874537555845578 -0.06338615438112072 -2.6296488120853887 2.0737279464486083 -4.532834749442229 -2.0034247884907606 1.63191372462426 -0.9450530187516746 -4.419365462122374 2.997992875677923 -4.534427691129853 -0.11193531917996324 2.5755249823079627 2.151143726735083 -4.867380921918414 3.8519936659642955 3.9041598365019894 -2.8038456009533586 -3.5256997694797096 2.6847266641822483 -0.7729030376441361 0.9886496002004517
SD 3.113774617513132 3.2765882006856675 3.9855404593779418 4.828469333172486 4.659156907213219 6.47325392890621 4.781190933873972 3.9640650878674157
END
AABB
LO -2.5925291424399486 -0.0285645963572278 0.9664217540855318
HI -2.0404035488629173 0.9100059762419477 2.6337383078639385
N 8
PTS 0.5358744435029283 4.175664845085498 3.1117130712810788 1.1508269050203213 -0.6684414612635372 0.6618573327482258 1.5623898764484379 3.830099795457638 2.2255479150047233 0.17907313680079007 0.12486305064480696 -4.673170908140438 -0.8302859810057619 -3.8168503090053685 4.146884435189742 2.0685196409328723 -4.074578901638571 3.0143214294065253 2.9728323560432965 -0.7450474284879753 2.3704173820652628 0.03008110457991542 1.6823376851326097 -4.322536922998724
SD 4.186907691371855 3.2689682927154062 4.63757138796681 6.060617308000709 4.2550093268207565 5.77912839886656 5.064176328582855 5.732057820417123
END
AABB
LO 1.1901853593514986 -3.0039626670978934 2.4879088307157122
HI 4.079407458980957 -0.6224023438084272 3.291155211975198
N 8
PTS 4.801074013046991 1.6078597018735143 3.546883005403471 3.9252239038483268 1.9753895337008673 1.5001511229355469 -1.5453266092784865 0.6792258646786156 -4.238620717864913 -0.864523163770647 -3.8143029165388818 4.210407854834873 0.1982982898350567 -2.1152354671137417 -1.7811646098191423 -3.3448444443277148 -3.8330727542747587 -3.581870606023929 1.2180935318979902 2.2459297793150226 -3.9937688486489717 -3.953460749722244 4.989400044116589 -4.809450245533759
SD 2.358022076232247 2.779242329868411 7.377225866921479 2.392384554426685 4.382787697271454 7.622082475779474 7.087981003622699 10.545182351397765
END
AABB
LO -3.2786383033961535 -2.8372473105921805 -3.4858472310030115
HI -1.8388733308488712 -2.0139950120089734 -2.0450739374558844
N 8
PTS -0.6127644681566231 -3.9978180695776877 2.5569863230540166 1.39879527636616 -4.163467241544483 1.0521134731374655 -4.0839904202163835 4.445726099821236 -0.4231828488111393 -2.5332164578447927 2.438209058195456 4.389111996062505 2.723983940641718 0.7320013440251874 -4.1546722654653 -0.484845805069007 4.289586030344486 2.488747480491708 -0.38501009270604847 -2.8736602185084448 -3.9985396180095956 1.1298508300561068 -4.098885082697324 -2.9086156015611033
SD 4.90196145141403 4.6726788004033395 6.708734573532998 7.824376633945403 5.367260883734916 7.881881827833235 1.5420433517837822 3.2256864403632597
END
