CASE
KIND PWP
NSEG 1
TIMES 0.0 0.4326152577780671
CX 0.48114256707654973 -3.7926526991981313 2.7915434202173883 1.2765894818564305
CY -0.5840949704387269 -0.6238986563803515 0.6076707355576247 -0.5353206044086792
CZ -0.4518177223264272 1.4401356400182261 1.0294104115475398 -0.1282558712683661
GET_END_TIME 0.4326152577780671
GET_DURATION 0.4326152577780671
NT 25
TS -0.7 0.0 0.019664329899 0.039328659798 0.058992989697 0.078657319596 0.098321649495 0.117985979394 0.137650309293 0.157314639192 0.176978969091 0.19664329899 0.216307628889 0.235971958788 0.255636288687 0.275300618586 0.294964948485 0.314629278384 0.334293608283 0.353957938182 0.373622268081 0.39328659798 0.412950927879 0.432615257778 1.332615257778
E0 1.2765894818564305 -0.5353206044086792 -0.1282558712683661 1.2765894818564305 -0.5353206044086792 -0.1282558712683661 1.3300204059578198 -0.52361686080024 -0.10745976081595648 1.3805401510524231 -0.5124222712451265 -0.08557050366759016 1.428170668553507 -0.5017634842067261 -0.06260871333415229 1.472933909874337 -0.4916671481484261 -0.038595003326528085 1.51485182642818 -0.4821599115336137 -0.013549987155602752 1.5539463696283018 -0.4732684228256761 0.012505721667738529 1.5902394908879685 -0.4650193304880006 0.03955150963261056 1.6237531416204465 -0.45743928298397446 0.06756676322812813 1.6545092732390017 -0.4505549287769849 0.09653086894340604 1.6825298371569004 -0.4443929163304192 0.12642321326755915 1.7078367847874087 -0.43897989410766464 0.15722318268970217 1.7304520675437929 -0.4343425105721084 0.18891016369895 1.750397636839319 -0.4305074141871377 0.22146354278441735 1.7676954440872534 -0.4275012534161399 0.25486270643521913 1.7823674407008618 -0.42535067672250226 0.28908704114047 1.794435578093411 -0.4240823325696119 0.3241159333892849 1.8039218076781665 -0.42372286942085624 0.3599287696707786 1.8108480808683949 -0.42429893573962235 0.3965049364740658 1.8152363490773622 -0.4258371799892976 0.4338238202882616 1.8171085637183348 -0.4283642506332692 0.4718648076024803 1.8164866762045786 -0.43190679613492444 0.5106072849058372 1.81339263794936 -0.43649146495765057 0.5500306386874467 1.813392637949345 -0.436491464957668 0.5500306386875824
E1 2.7915434202173883 0.6076707355576247 1.0294104115475398 2.7915434202173883 0.6076707355576247 1.0294104115475398 2.6429416255756344 0.5824560537363324 1.0855248816091634 2.495456137127832 0.5558862042828794 1.1405910824955303 2.3490869548739814 0.5279611871972659 1.194609014206641 2.203834078814083 0.4986810024794919 1.247578676742495 2.0596975089481355 0.4680456501295574 1.2995000701030928 1.9166772452761398 0.43605513014746233 1.3503731942884338 1.774773287798096 0.40270944253320673 1.4001980492985184 1.6339856365140037 0.3680085872867906 1.4489746351333466 1.4943142914238632 0.33195256440821397 1.4967029517929182 1.3557592525276743 0.2945413738974768 1.5433829992772332 1.2183205198254372 0.25577501575457906 1.589014777586292 1.0819980933171516 0.21565348997952077 1.6335982867200942 0.9467919730028176 0.17417679657230206 1.6771335266786398 0.8127021588824352 0.1313449355329227 1.7196204974619291 0.679728650956005 0.08715790686138292 1.7610591990699618 0.5478714492235262 0.04161571055768243 1.801449631502738 0.41713055368499896 -0.005281653378178319 1.8407917947602574 0.2875059643404234 -0.05353418494619977 1.8790856888425207 0.1589976811897995 -0.10314188414638181 1.9163313137495277 0.03160570423312725 -0.15410475097872423 1.952528669481278 -0.09466996652959336 -0.20642278544322734 1.9876777560377716 -0.2198293310983619 -0.2600959875398907 2.0217785734190086 -0.21982933109878733 -0.26009598754007623 2.0217785734191236
E2 -7.585305398396263 -1.247797312760703 2.8802712800364523 -7.585305398396263 -1.247797312760703 2.8802712800364523 -7.5285373213915925 -1.3167123299070256 2.8269631235602026 -7.471769244386922 -1.3856273470533482 2.7736549670839525 -7.415001167382252 -1.4545423641996709 2.720346810607703 -7.358233090377582 -1.5234573813459935 2.667038654131453 -7.301465013372912 -1.5923723984923162 2.613730497655203 -7.244696936368242 -1.661287415638639 2.560422341178953 -7.187928859363572 -1.7302024327849617 2.5071141847027034 -7.1311607823589025 -1.7991174499312843 2.4538060282264533 -7.074392705354232 -1.868032467077607 2.4004978717502037 -7.017624628349562 -1.9369474842239296 2.347189715273954 -6.960856551344892 -2.0058625013702525 2.293881558797704 -6.904088474340222 -2.074777518516575 2.240573402321454 -6.847320397335552 -2.1436925356628977 2.187265245845204 -6.790552320330882 -2.2126075528092204 2.1339570893689546 -6.733784243326212 -2.281522569955543 2.0806489328927045 -6.6770161663215415 -2.3504375871018657 2.0273407764164544 -6.620248089316871 -2.4193526042481883 1.9740326199402047 -6.563480012312201 -2.488267621394511 1.920724463463955 -6.506711935307531 -2.5571826385408336 1.867416306987705 -6.449943858302861 -2.6260976556871563 1.8141081505114554 -6.393175781298192 -2.695012672833479 1.7607999940352055 -6.336407704293522 -2.7639276899798015 1.7074918375589556 -6.336407704293327 -2.763927689980037 1.7074918375587738
END
CASE
KIND PWP
NSEG 2
TIMES 0.0 1.1785517262028127 2.0482515314218697
CX -1.2280367890378112 -0.8075005293125538 1.0965203604128362 -0.2609655862817274 -2.748852351353447 -0.9545574392664137 1.3132432105870755 -0.46456554416655593
CY -0.29746562047264674 1.2836732563424769 3.6492206098308713 -1.4263773437365754 2.6964136268681953 -2.460025550679721 0.34995524548074786 -2.3390590390247725
CZ 2.702916369008374 1.6678459934365035 2.2754335693101364 -1.7710663091109922 1.3691100509694702 -1.0380266596589942 -0.9147706223038853 1.0130741587974612
GET_END_TIME 2.0482515314218697
GET_DURATION 2.0482515314218697
NT 26
TS -0.7 0.0 0.093102342337 0.186204684675 0.279307027012 0.372409369349 0.465511711687 0.558614054024 0.651716396362 0.744818738699 0.837921081036 0.931023423374 1.024125765711 1.117228108048 1.178551726203 1.210330450386 1.303432792723 1.39653513506 1.489637477398 1.582739819735 1.675842162072 1.76894450441 1.862046846747 1.955149189085 2.048251531422 2.948251531422
E0 -0.2609655862817274 -1.4263773437365754 -1.7710663091109922 -0.2609655862817274 -1.4263773437365754 -1.7710663091109922 -0.16686746876063585 -1.0757394775677884 -1.5425798528015586 -0.09271452254768917 -0.7042880893634273 -1.272091693602131 -0.04445301524708822 -0.3134635351514994 -0.9465140607114373 -0.02802921446047346 0.09529382905186146 -0.5527591833198553 -0.049389387790853 0.5205436472312914 -0.07773929061483331 -0.11447980284037595 0.9608455633576269 0.49163338820050706 -0.22924672721313355 1.4147592214202789 1.168446623945667 -0.3996364285092686 1.8808442653894677 1.9657881874131906 -0.6315951743322907 2.3576603392499855 2.896745849416714 -0.9310692322883546 2.8437670869870804 3.9744073807756113 -1.3040048699736353 3.337724152570283 5.211860552273814 -1.756348354993531 3.8380911799847555 6.622193134729056 -0.4645655441663098 -2.339059039024707 1.0130741587972898 -0.4238845645640517 -2.330335720575241 0.9829995643020571 -0.3208064646639825 -2.3284696292729468 0.8853147281836947 -0.2521300418161699 -2.351737968390597 0.7785267292498019 -0.23116549309863665 -2.387084453999918 0.6692649248711475 -0.27122301558989664 -2.4214528021713595 0.5641586724220701 -0.38561280636738904 -2.441786728976588 0.46983732927332955 -0.5876450625117463 -2.435029950486666 0.3929302527961497 -0.8906299810966913 -2.388126182772948 0.3400668003641738 -1.3078777592069875 -2.288019141905451 0.3178763293483524 -1.8526985939108769 -2.121652543957821 0.33298819712110417 -1.8526985939108769 -2.121652543957821 0.33298819712110417
E1 1.0965203604128362 3.6492206098308713 2.2754335693101364 1.0965203604128362 3.6492206098308713 2.2754335693101364 0.9142259402992967 3.8805112465749003 2.656281318070179 0.6680634428251554 4.096331208965827 3.177703089771386 0.35803286799570055 4.2966804969990156 3.839698884402555 -0.01586578419136897 4.4815591106768675 4.642268701968533 -0.45363251374109836 4.6509670500011175 5.5854125424802055 -0.9552673206440832 4.804904314968129 6.6691304059173095 -1.5207702049110996 4.943370905581207 7.8934222923031285 -2.150141166529999 5.066366821837377 9.258288201611359 -2.8433802055065156 5.1738920637382115 10.763728133854402 -3.60048732184912 5.265946631284613 12.409742089050685 -4.421462515541549 5.342530524474605 14.196330067164848 -5.3063057865915955 5.403643743309261 16.123492068213828 1.3132432105867178 0.3499552454798258 -0.9147706223042743 1.244245882102211 0.20177152028206735 -0.9765970075257588 0.9462235357594003 -0.13831200059942966 -1.109975408001959 0.5052381151926819 -0.33815969495990006 -1.172148753851971 -0.0787103796049855 -0.3977715627992322 -1.1631170450753157 -0.8056219486210578 -0.3171476041161446 -1.0828802816721868 -1.675496591861039 -0.09628781891203075 -0.9314384636428698 -2.6883343093365744 0.26480779281774025 -0.7087915909845909 -3.8441351010259064 0.7661392310654117 -0.4149396637021333 -5.142898966953864 1.4077064958417531 -0.04988268178918431 -6.584625907090435 2.189509587131791 0.386379354745754 -6.584625907090435 2.189509587131791 0.386379354745754
E2 -1.6150010586251076 2.5673465126849537 3.335691986873007 -1.6150010586251076 2.5673465126849537 3.335691986873007 -2.300999667837679 2.401178036500559 4.845579057447199 -2.9869982770576184 2.235009560314379 6.355466128037609 -3.672996886270189 2.0688410841299842 7.865353198611801 -4.358995495482761 1.9026726079455896 9.375240269185992 -5.044994104702701 1.7365041317594099 10.885127339776403 -5.730992713915271 1.5703356555750152 12.395014410350594 -6.4169913231352105 1.4041671793888355 13.904901480941003 -7.102989932347782 1.2379987032044406 15.414788551515194 -7.788988541560354 1.0718302270200457 16.92467562208939 -8.474987150780294 0.905661750833866 18.434562692679798 -9.160985759992863 0.7394932746494713 19.944449763253985 -9.846984369205435 0.5733247984650764 21.45433683382818 -1.9091148785359182 -4.920051101356409 -2.0760533193164488 -2.4332450026966295 -4.405919591767249 -1.8150018952008589 -3.968792558594087 -2.899665044342241 -1.0501977792265351 -5.504340114491542 -1.393410496917236 -0.2853936632522134 -7.0398876704054905 0.11284405052394852 0.47941045273032357 -8.575435226302949 1.6190985979489572 1.2442145687046473 -10.110982782200406 3.125353145373965 2.009018684678971 -11.646530338114355 4.631607692815151 2.773822800661508 -13.182077894011808 6.137862240240156 3.5386269166358297 -14.717625449925757 7.64411678768134 4.3034310326183665 -16.253173005821065 9.15037133510424 5.06823514859162 -16.253173005821065 9.15037133510424 5.06823514859162
END
CASE
KIND PWP
NSEG 3
TIMES 0.5 1.1079664254410813 1.6479853856464213 2.7590785419975337
CX -1.6516330417660197 2.8886340516504663 1.1878918214245937 1.4394558728567843 4.366976285425663 -1.6317258972713213 5.118915596811695 6.3018162670797 3.2368262405202644 1.6542130631104952 -1.327643909780646 1.9889712556404455
CY -0.8853842982070163 -0.04330157957978233 -0.5808663547794791 0.567659912982061 2.5761554308867827 -1.1111681157329876 -1.9708076672605763 -2.005913103498955 -1.9365546544357586 -2.862205967592711 -1.8258681498786276 2.5865312330289125
CZ -1.1866239364779971 0.5142153157727617 -2.433787932178228 0.3393011598008879 -3.4815628970591024 -1.3975117949593632 4.50907785425652 -1.1659393819535753 2.2399527707827582 0.9101082502424058 -0.30597155444947594 -1.3042136426098987
GET_END_TIME 2.7590785419975337
GET_DURATION 2.2590785419975337
NT 27
TS -0.2 0.5 0.602685388273 0.705370776545 0.808056164818 0.91074155309 1.013426941363 1.107966425441 1.116112329636 1.218797717908 1.321483106181 1.424168494454 1.526853882726 1.629539270999 1.647985385646 1.732224659271 1.834910047544 1.937595435817 2.040280824089 2.142966212362 2.245651600634 2.348336988907 2.45102237718 2.553707765452 2.656393153725 2.759078541998 3.659078541998
E0 1.4394558728567843 0.567659912982061 0.3393011598008879 1.4394558728567843 0.567659912982061 0.3393011598008879 1.5901053014827708 0.5065981965426799 0.09352392546091193 1.7909421357902924 0.4388714419901228 -0.14911810169585582 2.0312365971588546 0.35872777994467164 -0.39633378425248716 2.300258906959512 0.2604153410295631 -0.6558319847824126 2.5872792865730974 0.13818225586448363 -0.9353215658690321 2.858207838480747 -0.0004548095275058728 -1.216950619734846 6.343408549180404 -2.022039453859317 -1.1293034805767825 6.855054091954743 -2.234482192095069 -0.688098712546436 7.362909320943553 -2.4522943397173473 -0.30077758386012576 7.89534415101758 -2.6587399894271404 0.010042048963515127 8.480728497046613 -2.837083233925876 0.22174232940883054 9.147432273917662 -2.970588165920139 0.311705400965979 9.277997048641156 -2.9885315177161895 0.31322652699311004 1.890805136081375 2.4112528421112995 -1.3221910971341042 1.8197421347549312 2.1325753718986693 -1.314977525471236 1.8218426017875506 1.7706364962469565 -1.2620815495661737 1.9181344702164513 1.3128554528423337 -1.1489513914212237 2.1296456730820204 0.746651479357189 -0.961035273035163 2.4774041434183767 0.05944381348402272 -0.6837814164128228 2.982437814270806 -0.7613483071092433 -0.30263804354978396 3.665774618675301 -1.728305644735321 0.19694662355084835 4.548442489660909 -2.8540089617012283 0.8295243628813556 5.651469360283329 -4.151039020347579 1.6096469524530732 6.995883163566976 -5.631976582975845 2.5518661702549874 6.995883163566976 -5.631976582975845 2.5518661702549874
E1 1.1878918214245937 -0.5808663547794791 -2.433787932178228 1.1878918214245937 -0.5808663547794791 -2.433787932178228 1.7288869516008059 -0.6177664774589601 -2.365719450502364 2.1653903054363512 -0.7106810874482885 -2.372723602898536 2.4974018829397315 -0.8596101847492743 -2.4548003893668797 2.7249216841044803 -1.0645537693590166 -2.611949809905797 2.8479497089350283 -1.3255118412815072 -2.8441718645183487 2.8688313151636446 -1.6152938326558828 -3.1243477561896067 5.093201153176076 -1.9883977770739727 4.485616794665066 4.918149263802682 -2.1221788657359126 4.071003656348316 5.019377333561371 -2.092977590711254 3.4361268866147845 5.396885362455195 -1.9007939519978994 2.580986485467432 6.0506733504764405 -1.545627949600102 1.5055824529178055 6.98074129763784 -1.0274795835109447 0.20991478894496218 7.177088879243316 -0.917132338515505 -0.04617298073459608 -0.9800364607429005 -2.34931531145721 -0.10495200897714757 -0.3699252960155306 -3.0988963918252272 0.26906922119552074 0.44496605596474703 -3.9709950234279705 0.7848027070637047 1.4646375951870003 -4.9656112062551525 1.4422484486203089 2.6890893216710956 -6.082744940326152 2.241406445878142 4.118321235393182 -7.3223962256192054 3.182276698821637 5.752333336381097 -8.684565062158459 4.26485920746912 7.5911256246219185 -10.169251449932439 5.489153971812119 9.634698100094747 -11.776455388924894 6.855160991836637 11.883050762839375 -13.506176879167121 8.362880267569277 14.336183612825318 -15.358415920635391 10.012311798989629 14.336183612825318 -15.358415920635391 10.012311798989629
E2 5.7772681033009325 -0.08660315915956467 1.0284306315455234 5.7772681033009325 -0.08660315915956467 1.0284306315455234 4.759676622231374 -0.6320993417527951 0.2973369936378505 3.742085141171725 -1.1775955243407135 -0.4337566442627028 2.7244936601021665 -1.723091706933944 -1.1648502821703757 1.7069021790425172 -2.2685878895218625 -1.895943920070929 0.6893106979729602 -2.8140840721150924 -2.6270375579786007 -0.24755651595546446 -3.3163067206946133 -3.300134446474013 -3.0500139718872843 -2.096425539478634 -2.96518645676689 -0.3594660392259805 -0.5092244154608496 -5.110220284034309 2.3310818934615214 1.0779767085723901 -7.255254111322614 5.021629826149029 2.6651778326056337 -9.400287938610925 7.712177758810332 4.252378956623419 -11.545321765878343 10.402725691497833 5.839580080656658 -13.690355593166649 10.886048162827988 6.124700431216434 -14.075683443266012 4.944433474323409 -6.703215679729214 2.952368466669424 6.938682030003756 -7.896350879344941 4.33243098655548 8.932930585684108 -9.08948607896067 5.71249350644154 10.927179141345032 -10.282621278564775 7.092556026314156 12.921427697025383 -11.475756478180504 8.472618546200216 14.915676252686312 -12.668891677784611 9.852681066072835 16.909924808366664 -13.862026877400341 11.232743585958893 18.904173364047015 -15.05516207701607 12.612806105844953 20.898421919707946 -16.24829727662018 13.992868625717572 22.892670475388286 -17.441432476235903 15.372931145603626 24.886919031059584 -18.634567675846213 16.75299366548342 24.886919031059584 -18.634567675846213 16.75299366548342
END
CASE
KIND PWP
NSEG 4
TIMES -1.0 -0.6792448866153186 -0.4625296325469091 0.5230808382588201 1.362009170302024
CX 0.11467797478240879 0.9309982535809253 0.7463203460563671 -2.4676030236977278 -1.3281254648859564 -0.39196042673227627 -1.7073986186484884 1.3546502177600819 1.176038362717596 -3.914168908356518 -3.610508142546675 -2.5631265536395924 0.23451906029280478 4.0663450600776105 -0.7647129009358313 0.5013010997659478
CY -2.126223409839244 -2.0936724318473554 -3.9144556293788457 -0.05668849544854373 1.894433365645327 -0.7134286408582434 2.792906173292487 0.39570970554714296 -0.07282497512643703 1.034507785387044 0.9747551395645029 2.295612741095648 -1.6039085288801416 -4.576098317673981 0.22949339736348898 -1.2233503106441581
CZ -0.05435441473107152 3.32860004407817 -2.205683610184731 1.5295946733095291 1.8917350888170381 0.9214724778230956 2.237016318341957 -0.9167245571268181 -1.3630194094736885 2.0779655971223074 1.4406000437157063 2.780756284305189 0.42457915562299575 3.2471262391412723 -0.5641605205690617 -2.120658312331339
GET_END_TIME 1.362009170302024
GET_DURATION 2.362009170302024
NT 28
TS -1.7 -1.0 -0.892635946804 -0.785271893609 -0.679244886615 -0.677907840413 -0.570543787218 -0.463179734022 -0.462529632547 -0.355815680827 -0.248451627631 -0.141087574436 -0.03372352124 0.073640531955 0.181004585151 0.288368638347 0.395732691542 0.503096744738 0.523080838259 0.610460797933 0.717824851129 0.825188904324 0.93255295752 1.039917010715 1.147281063911 1.254645117106 1.362009170302 2.262009170302
E0 -2.4676030236977278 -0.05668849544854373 1.5295946733095291 -2.4676030236977278 -0.05668849544854373 1.5295946733095291 -2.376601468045726 -0.5037255558224546 1.3310851779682085 -2.263285058627363 -1.0148186610845302 1.20890988299871 1.354650217759538 0.3957097055480326 -0.9167245571261056 1.3523666430419183 0.39944267927663835 -0.913731911122696 1.1627168839375799 0.6933050736135455 -0.660240617559172 0.9540459753796444 0.9849623988840157 -0.37128353782253787 0.952704426716108 0.9867503517594634 -0.3693972348150866 -2.9915630081501567 2.411325051438009 2.9564956030652727 -3.503902726884476 2.550982749120596 3.171016296037834 -4.089067449762067 2.713411816976242 3.4132615526813783 -4.738324458816208 2.8980714903614544 3.6731102200871284 -5.44294103605729 3.1044210046262823 3.94044114533708 -6.194184463520815 3.331919595128052 4.205133175522923 -6.983322023222777 3.5800264972184186 4.45706515772882 -7.801620997177752 3.8482009462482707 4.6861159390394045 -8.64034866742336 4.135902177576087 4.8821643665456556 0.5013010997658103 -1.2233503106441168 -2.1206583123314404 0.46568457206315284 -1.2393069523781617 -2.144878725546288 0.5083270047792119 -1.3640534350308438 -2.10424136558056 0.6478740024449946 -1.6159005886483664 -1.983025870255354 0.8860669953419402 -2.0067582975458667 -1.7780795107605996 1.2246474137444308 -2.5485364460263638 -1.4862495582923405 1.6653566879376136 -3.2531449184103964 -1.1043832840373278 2.2099362481920974 -4.132493598995138 -0.6293279591949008 2.8601275247968676 -5.198492372107418 -0.057930854948398114 2.860127524797025 -5.198492372107678 -0.057930854948259114
E1 0.7463203460563671 -3.9144556293788457 -2.205683610184731 0.7463203460563671 -3.9144556293788457 -2.205683610184731 0.9501975308813865 -4.437553132438267 -1.4928192623085816 1.1620061012630531 -5.107705008218173 -0.7837141874891858 -1.7073986186487382 2.7929061732920326 2.237016318342544 -1.7084538798885172 2.791008559175944 2.239490566418144 -1.8396907858897067 2.7049586885758123 2.5044042836960587 -2.062783823396174 2.749932072148634 2.900154636281928 -2.064414460502372 2.750603473317845 2.9029494632184925 -4.405723299247251 1.193060003791355 1.837530231258571 -5.124691714094274 1.4076732920571484 2.1428944491143342 -5.762322682018112 1.6172498419488603 2.35398919211099 -6.318616203030647 1.8217896534703946 2.4708144602524715 -6.793572277121513 2.0212927266179412 2.493370253536601 -7.187190904299557 2.2157590613952163 2.4216565719638004 -7.49947208455998 2.4051886578003385 2.255673415533419 -7.730415817901007 2.589581515831613 1.9954207842483205 -7.880022104326941 2.7689376354924757 1.6408986781036574 -0.7647129009343686 0.2294933973618429 -0.5641605205678937 -0.048706926055747335 -0.6069639387277657 0.013032312456481399 0.8457623767819256 -1.735327904191937 0.7488630547334177 1.7564515430291519 -2.9746217754738637 1.5140586422561086 2.6833605727028935 -4.324845552596629 2.3086190750388074 3.626489465785885 -5.785999235535083 3.132544353066713 4.5858382222956955 -7.358082824316445 3.9858344763551745 5.561406842214453 -9.041096318911427 4.868489444888295 6.553195325560332 -10.835039719351382 5.780509258682518 6.553195325560556 -10.835039719351796 5.780509258682726
E2 1.8619965071618505 -4.187344863694711 6.65720008815634 1.8619965071618505 -4.187344863694711 6.65720008815634 1.935870260271539 -5.557024643378076 6.622185826508594 2.0097440133805393 -6.926704423048687 6.587171564861175 -0.7839208534670907 -1.4268572817128664 1.8429449556498065 -0.7945754441187226 -1.411659612093997 1.8581209789439648 -1.6501330424886218 -0.19129534423283068 3.0767470591835675 -2.50569064086649 1.0290689236397028 4.295373139434521 -2.510871138808735 1.036458367191474 4.302752058063817 -7.075339610354197 2.022386925496211 3.2832120695093696 -6.317754138342105 1.9754742184753777 2.405176339193888 -5.560168666337068 1.9285615114549817 1.5271406088865844 -4.802583194324976 1.8816488044341488 0.6491048785711029 -4.044997722319939 1.8347360974137528 -0.22893085173620076 -3.287412250307848 1.7878233903929197 -1.1069665820516823 -2.529826778295755 1.7409106833720869 -1.9850023123671647 -1.7722413062907192 1.6939979763516908 -2.863038042674468 -1.014655834278626 1.6470852693308577 -3.7410737729899495 8.132690120155473 -9.152196635349693 6.494252478283003 8.255643716342492 -9.993093410795682 6.716850735263553 8.406717217531007 -11.026306134492916 6.990357969564873 8.557790718718117 -12.059518858180526 7.263865203863647 8.708864219906632 -13.09273158187776 7.537372438164967 8.859937721093742 -14.125944305565369 7.81087967246374 9.011011222282256 -15.159157029262605 8.08438690676506 9.162084723469365 -16.192369752950214 8.357894141063833 9.313158224657881 -17.225582476647446 8.631401375365154 9.313158224657915 -17.22558247664768 8.631401375365215
END
CASE
KIND PWP
NSEG 6
TIMES 0.0 1.2948963086405836 1.9418175184430462 3.0372506358700084 4.022971423413396 4.755140767382861 5.0873322515896735
CX 1.6935918849641631 3.5819691142964256 -1.9831243749255998 -4.919949943432658 3.032761874203105 -2.8338850748803552 0.18184707856478732 0.43418646330594807 -1.897792824728622 3.1052661305036193 3.098675058546381 1.102888348440345 -0.05898131967024556 0.3828736658707868 -2.191816024145596 -0.47812751532583114 -0.209866293080702 -1.70446570221626 1.6984297354730233 -2.852962789239257 -0.9068379526060575 -4.505755629115327 0.993637008503459 1.485210948292226
CY 1.2425847263758742 5.836173215507058 1.8795821075231494 -1.8839813778803787 5.327080413988403 -1.840635946745574 1.5774771380982415 1.486255249563038 -1.7594460375295695 2.7906972579691613 0.7091874374936741 1.1419091813057476 -1.3514659925204515 2.605266744828104 -1.7218759253626434 -3.558318667463825 2.850253959644281 -0.8534575738792407 0.08674017417013015 3.845513907325458 2.272982696360122 1.2654182318621783 2.1398276578305953 -1.4550173809718003
CZ 1.5061771784823195 2.219874229413699 1.5108445113573106 -0.408269257769866 -7.494827716261788 1.114605022458737 0.22975288862227505 -0.7391072222637785 1.5561972512669826 0.5314059598904074 0.40791148299489405 -2.9671819499113266 -2.9186451076263054 0.7410720546252414 0.1521142255348337 0.27748178537037427 0.33252585420281805 0.8229128347786777 0.07213132749798609 0.31554171931733066 0.5122287097223328 1.8588190877154542 -1.0293776310875078 1.5727924418409323
GET_END_TIME 5.0873322515896735
GET_DURATION 5.0873322515896735
NT 30
TS -0.7 0.0 0.231242375072 0.462484750145 0.693727125217 0.924969500289 1.156211875361 1.294896308641 1.387454250434 1.618696625506 1.849939000578 1.941817518443 2.08118137565 2.312423750723 2.543666125795 2.774908500867 3.006150875939 3.03725063587 3.237393251012 3.468635626084 3.699878001156 3.931120376228 4.022971423413 4.162362751301 4.393605126373 4.624847501445 4.755140767383 4.856089876517 5.08733225159 5.98733225159
E0 -4.919949943432658 -1.8839813778803787 -0.408269257769866 -4.919949943432658 -1.8839813778803787 -0.408269257769866 -5.166051914127278 -1.121899598330517 0.07842966007464597 -4.903426419874662 0.35652707191189825 0.9142807873695896 -4.0064235227384515 2.643487722271008 2.2110295042557326 -2.3493932847805223 5.831171442188188 4.080421190883451 0.19331423193729957 10.011767321100033 6.634201227400335 0.4341864633060238 1.4862552495636947 -0.7391072222636828 0.4291448411575712 1.6207186713257342 -0.714235935905966 0.29890563800937525 1.984909403629872 -0.8022952980270955 0.18065965535036915 2.7056685033998162 -1.5497710658370512 0.18691955789501422 3.1786990930332384 -2.153162955559199 1.589906141405486 1.290183588627772 -2.8958004549084513 2.581179584491492 1.6984778812518577 -2.6638051899319803 3.67889266562357 2.1960199818836825 -2.189939067106872 4.742245495077878 2.652274141396476 -1.3587456475009756 5.630438183126728 2.936704610662084 -0.054768492182783124 5.728885873903602 2.9547640538097473 0.16293818009811023 -0.9019393711262571 -3.809414948317754 0.314212351120084 -1.3571288231311407 -3.9247807905247303 0.2467077007456882 -1.7795347376835282 -3.948572955602208 -0.14549666965268365 -2.1735330209399573 -3.9810585855891585 -1.0789391008008233 -2.323119275102897 -4.0186070501345865 -1.6479108036029868 -2.6499024779363745 3.8487416333434625 0.3424859512661984 -2.4682938898721516 3.90554083141613 0.4722491389557683 -2.4939271398488443 4.209999643430839 0.7295614205405812 1.4852109482923637 -1.455017380971504 1.5727924418407897 1.5386679087865174 -1.2237698408398137 1.4883473491735595 1.284830626159442 -0.5212220874835358 1.4547419806975963 1.284830626159442 -0.5212220874835358 1.4547419806975963
E1 -1.9831243749255998 1.8795821075231494 1.5108445113573106 -1.9831243749255998 1.8795821075231494 1.5108445113573106 -0.05483378442766762 4.778057552421557 2.779122089291664 2.416825805380178 8.075201664390129 4.530638866420347 5.431854394476559 11.771014443400345 6.765394842728209 8.990251982870992 15.865495889465604 9.483390018221781 13.092018570563473 20.358646002585907 12.684624392901062 0.18184707856242763 1.577477138096709 0.22975288862320314 -0.2648052975191362 1.373657044113395 0.24346003139081693 -0.699453967226592 2.0610596629042552 -1.405850819728164 -0.16107672713530719 4.457593259132677 -5.459788825861314 0.3229430477715226 5.884246425706321 -7.738038603637626 3.853620372143134 1.3845147202862425 0.6467037697909294 4.618357297457015 2.0527126771963555 1.4430225168490465 4.774209758213212 2.1564131059675966 2.738628814015616 4.321177754416351 1.695616006604077 4.533522661292998 3.2592612860664305 0.670321379105795 6.827704058681199 3.06999325692306 0.489364838977849 7.174338247005431 -2.0456452065472774 -0.8414334154404005 0.09801734099097184 -1.8944121528309046 -0.2286251094157692 -0.8379294100908361 -1.7621025605051006 -0.0494187416507339 -2.710289051147382 -1.6487164295698655 -0.3038143121452934 -5.519061582178659 -1.6089297576349444 -0.5251821829258396 -6.8945704166375466 1.211021190441727 0.014951814978111419 0.32092802752064087 0.3484772822925817 0.6287124232557126 0.8191663629715918 -0.58139975296355 2.1569434275874317 1.42409170031659 0.9936370085022105 2.139827657830946 -1.0293776310869927 0.056208972883176056 2.4648033528458835 -0.6384254270753353 -2.3001222116605957 3.73302896185074 0.3751652431452477 -2.3001222116605957 3.73302896185074 0.3751652431452477
E2 7.163938228592851 11.672346431014116 4.439748458827398 7.163938228592851 11.672346431014116 4.439748458827398 9.513719487883522 13.396375891146207 6.52950038701637 11.863500747184354 15.120405351285752 8.619252315214379 14.213282006475026 16.84443481141784 10.70900424340335 16.5630632657657 18.568464271549935 12.79875617159232 18.912844525056368 20.292493731682022 14.88850809978129 -5.667770149753134 -3.681271893477841 2.229210044898752 -3.9835329676060107 -0.7228903001704259 -1.9330249201631795 0.22428538530520647 6.668190062610844 -12.331755491346158 4.432103738216424 14.059270425392116 -22.730486062529142 6.103977734451987 16.995935943301664 -26.86216803587107 4.623629891604072 4.110175397912654 2.364077828849369 1.9905291704836054 1.6690245147259533 4.523230319639678 -0.6425715506254734 -0.7721263684501887 6.682382810420649 -3.275672271734547 -3.2132772516263266 8.841535301201615 -5.908772992843626 -5.654428134802469 11.000687791982587 -6.262898400330635 -5.982738231074784 11.2910719575007 0.6949192783616012 3.5876178615451453 -2.022727477819767 0.6130853956890304 1.712520625908343 -6.072214037898448 0.5312515130164597 -0.16257660972845933 -10.121700597977128 0.4494176303438891 -2.0376738453652585 -14.171187158055801 0.4169126544874973 -2.7824752452527717 -15.779670815036921 -3.5844526520607287 0.676888957751824 1.9239329918030992 -3.8756325324179564 4.631485928870921 2.3852974015953308 -4.166812412775185 8.586082899990018 2.8466618113875626 -9.011511258231407 2.530836463726246 3.7176381754313343 -9.560778158898302 3.907569933373561 4.027892366947302 -10.818974330698293 7.061229436605983 4.738586267446921 -10.818974330698293 7.061229436605983 4.738586267446921
END
CASE
KIND EXPR
SRC 2.0
NT 14
TS -3.3 -1.0 -0.25 0.0 0.1 0.7 1.0 1.5 2.3456 3.14159 4.0 5.5 6.28318 9.87
VALS 2.0 2.0 2.0 2.0 2.0 2.0 2.0 2.0 2.0 2.0 2.0 2.0 2.0 2.0
END
CASE
KIND EXPR
SRC 10.0 + 0.5*t
NT 14
TS -3.3 -1.0 -0.25 0.0 0.1 0.7 1.0 1.5 2.3456 3.14159 4.0 5.5 6.28318 9.87
VALS 8.35 9.5 9.875 10.0 10.05 10.35 10.5 10.75 11.1728 11.570795 12.0 12.75 13.14159 14.934999999999999
END
CASE
KIND EXPR
SRC 3.5*sin(0.6*t)
NT 14
TS -3.3 -1.0 -0.25 0.0 0.1 0.7 1.0 1.5 2.3456 3.14159 4.0 5.5 6.28318 9.87
VALS -3.211032843486335 -1.9762486568826239 -0.5230334636575973 0.0 0.20987402267805608 1.4271615857084956 1.9762486568826239 2.7416441836961916 3.453358951972618 3.3286995290379373 2.3641211319290285 -0.5521099295013687 -2.0572393664564217 -1.2368415877140007
END
CASE
KIND EXPR
SRC cos(t)
NT 14
TS -3.3 -1.0 -0.25 0.0 0.1 0.7 1.0 1.5 2.3456 3.14159 4.0 5.5 6.28318 9.87
VALS -0.9874797699088649 0.5403023058681398 0.9689124217106447 1.0 0.9950041652780258 0.7648421872844885 0.5403023058681398 0.0707372016677029 -0.6995758018706799 -0.9999999999964793 -0.6536436208636119 0.70866977429126 0.9999999999859169 -0.9025150646103678
END
CASE
KIND EXPR
SRC sin(t)*cos(t)
NT 14
TS -3.3 -1.0 -0.25 0.0 0.1 0.7 1.0 1.5 2.3456 3.14159 4.0 5.5 6.28318 9.87
VALS -0.15577068175668893 -0.4546487134128409 -0.2397127693021015 0.0 0.09933466539753062 0.4927248649942301 0.4546487134128409 0.0705600040299336 -0.4998877609770151 -2.653589793343387e-06 0.4946791233116909 -0.49999510327535174 -5.307179586612034e-06 0.38867558961020177
END
CASE
KIND EXPR
SRC -2.0*t + 3.0
NT 14
TS -3.3 -1.0 -0.25 0.0 0.1 0.7 1.0 1.5 2.3456 3.14159 4.0 5.5 6.28318 9.87
VALS 9.6 5.0 3.5 3.0 2.8 1.6 1.0 0.0 -1.6912000000000003 -3.2831799999999998 -5.0 -8.0 -9.56636 -16.74
END
CASE
KIND EXPR
SRC sqrt(abs(t) + 1.0)
NT 14
TS -3.3 -1.0 -0.25 0.0 0.1 0.7 1.0 1.5 2.3456 3.14159 4.0 5.5 6.28318 9.87
VALS 2.073644135332772 1.4142135623730951 1.118033988749895 1.0 1.0488088481701516 1.3038404810405297 1.4142135623730951 1.5811388300841898 1.8290981384277882 2.035089678613697 2.23606797749979 2.5495097567963922 2.6987367415144443 3.2969683043669074
END
CASE
KIND EXPR
SRC exp(-0.1*t)
NT 14
TS -3.3 -1.0 -0.25 0.0 0.1 0.7 1.0 1.5 2.3456 3.14159 4.0 5.5 6.28318 9.87
VALS 1.3909681284637803 1.1051709180756477 1.0253151205244289 1.0 0.9900498337491681 0.9323938199059483 0.9048374180359595 0.8607079764250578 0.7909187773410556 0.7304028848675839 0.6703200460356393 0.5769498103804866 0.533488374222889 0.3726930948635714
END
CASE
KIND EXPR
SRC log(t*t + 1.0)
NT 14
TS -3.3 -1.0 -0.25 0.0 0.1 0.7 1.0 1.5 2.3456 3.14159 4.0 5.5 6.28318 9.87
VALS 2.4756977107026903 0.6931471805599453 0.06062462181643484 0.0 0.009950330853168092 0.3987761199573678 0.6931471805599453 1.1786549963416462 1.8720851153322768 2.385968772916152 2.833213344056216 3.4420193761824107 3.7007672858193423 4.589212537278693
END
CASE
KIND EXPR
SRC pow(t, 3)
NT 14
TS -3.3 -1.0 -0.25 0.0 0.1 0.7 1.0 1.5 2.3456 3.14159 4.0 5.5 6.28318 9.87
VALS -35.937 -1.0 -0.015625 0.0 0.0010000000000000002 0.3429999999999999 1.0 3.375 12.905114402816002 31.006198110721677 64.0 166.375 248.0495848857734 961.5048029999998
END
CASE
KIND EXPR
SRC t^2 + 2*t + 1
NT 14
TS -3.3 -1.0 -0.25 0.0 0.1 0.7 1.0 1.5 2.3456 3.14159 4.0 5.5 6.28318 9.87
VALS 5.289999999999999 0.0 0.5625 1.0 1.21 2.8899999999999997 4.0 6.25 11.19303936 17.1527677281 25.0 42.25 53.04471091239999 118.15689999999998
END
CASE
KIND EXPR
SRC 2**t
NT 14
TS -3.3 -1.0 -0.25 0.0 0.1 0.7 1.0 1.5 2.3456 3.14159 4.0 5.5 6.28318 9.87
VALS 0.10153154954452945 0.5 0.8408964152537145 1.0 1.0717734625362931 1.624504792712471 2.0 2.8284271247461903 5.082717333368378 8.824961595059897 16.0 45.254833995939045 77.8799471542821 935.7634050349056
END
CASE
KIND EXPR
SRC 2**-1 + t
NT 14
TS -3.3 -1.0 -0.25 0.0 0.1 0.7 1.0 1.5 2.3456 3.14159 4.0 5.5 6.28318 9.87
VALS -2.8 -0.5 0.25 0.5 0.6 1.2 1.5 2.0 2.8456 3.64159 4.5 6.0 6.78318 10.37
END
CASE
KIND EXPR
SRC -2**2 + t
NT 14
TS -3.3 -1.0 -0.25 0.0 0.1 0.7 1.0 1.5 2.3456 3.14159 4.0 5.5 6.28318 9.87
VALS -7.3 -5.0 -4.25 -4.0 -3.9 -3.3 -3.0 -2.5 -1.6543999999999999 -0.8584100000000001 0.0 1.5 2.2831799999999998 5.869999999999999
END
CASE
KIND EXPR
SRC (t + 1.0)*(t - 1.0)
NT 14
TS -3.3 -1.0 -0.25 0.0 0.1 0.7 1.0 1.5 2.3456 3.14159 4.0 5.5 6.28318 9.87
VALS 9.889999999999999 -0.0 -0.9375 -1.0 -0.9900000000000001 -0.51 0.0 1.25 4.501839360000001 8.869587728099999 15.0 29.25 38.478350912399996 96.41689999999998
END
CASE
KIND EXPR
SRC tan(0.3*t)
NT 14
TS -3.3 -1.0 -0.25 0.0 0.1 0.7 1.0 1.5 2.3456 3.14159 4.0 5.5 6.28318 9.87
VALS -1.523676741017902 -0.30933624960962325 -0.07514094212828504 0.0 0.030009003241180714 0.2131424443826454 0.30933624960962325 0.4830550656165783 0.8485987436390351 1.3763796162869626 2.5721516221263188 -12.599264789465776 -3.0777002105088074 -0.18258187322456196
END
CASE
KIND EXPR
SRC atan2(t, 2.0)
NT 14
TS -3.3 -1.0 -0.25 0.0 0.1 0.7 1.0 1.5 2.3456 3.14159 4.0 5.5 6.28318 9.87
VALS -1.025932411343353 -0.4636476090008061 -0.12435499454676144 0.0 0.049958395721942765 0.33667481938672716 0.4636476090008061 0.6435011087932844 0.8647598473233962 1.0038844392054265 1.1071487177940904 1.2220253232109897 1.2626270115493434 1.3708691267840072
END
CASE
KIND EXPR
SRC pi*t
NT 14
TS -3.3 -1.0 -0.25 0.0 0.1 0.7 1.0 1.5 2.3456 3.14159 4.0 5.5 6.28318 9.87
VALS -10.367255756846317 -3.141592653589793 -0.7853981633974483 0.0 0.3141592653589793 2.199114857512855 3.141592653589793 4.71238898038469 7.368919728260219 9.869596064591157 12.566370614359172 17.27875959474386 19.739192129182314 31.007519490931255
END
CASE
KIND EXPR
SRC e*1.0 + 0.0*t
NT 14
TS -3.3 -1.0 -0.25 0.0 0.1 0.7 1.0 1.5 2.3456 3.14159 4.0 5.5 6.28318 9.87
VALS 2.718281828459045 2.718281828459045 2.718281828459045 2.718281828459045 2.718281828459045 2.718281828459045 2.718281828459045 2.718281828459045 2.718281828459045 2.718281828459045 2.718281828459045 2.718281828459045 2.718281828459045 2.718281828459045
END
CASE
KIND EXPR
SRC 2.0 + 3.0*sin(t) - 1.5*cos(2.0*t) + 0.5*sin(3.0*t)
NT 14
TS -3.3 -1.0 -0.25 0.0 0.1 0.7 1.0 1.5 2.3456 3.14159 4.0 5.5 6.28318 9.87
VALS 1.2766561413796098 0.02924729636709074 -0.39940510061079487 0.5 0.9771604865092917 4.109307030687148 5.219193213274337 5.988708645880283 4.517595838025308 0.5000119411751952 -0.32044389421108155 -0.47915219487781335 0.4999761177763577 -0.7218171869496751
END
CASE
KIND EXPR
SRC 3.0*sin(t + 2.0*0.7) + 2.0*sin(2.0*t)
NT 14
TS -3.3 -1.0 -0.25 0.0 0.1 0.7 1.0 1.5 2.3456 3.14159 4.0 5.5 6.28318 9.87
VALS -3.461982990088999 -0.6503398267254121 1.779440743573157 2.9563491899653807 3.389823621402286 4.560527559923543 3.844984395304816 0.9999880037616817 -3.7033870534535223 -2.956358451244918 -0.33957696942119786 -0.26466111993680674 2.9563252550669463 -1.333040596384533
END
CASE
KIND EXPR
SRC 1.0e1 + 2.5e-1*t
NT 14
TS -3.3 -1.0 -0.25 0.0 0.1 0.7 1.0 1.5 2.3456 3.14159 4.0 5.5 6.28318 9.87
VALS 9.175 9.75 9.9375 10.0 10.025 10.175 10.25 10.375 10.5864 10.7853975 11.0 11.375 11.570795 12.4675
END
CASE
KIND EXPR
SRC sin(0.6*t)*sqrt(2.0)
NT 14
TS -3.3 -1.0 -0.25 0.0 0.1 0.7 1.0 1.5 2.3456 3.14159 4.0 5.5 6.28318 9.87
VALS -1.2974531989953768 -0.7985250437671486 -0.21133743367987126 0.0 0.0848019112174587 0.5766603629162419 0.7985250437671486 1.1077915393669908 1.3953677330349186 1.3449977197229672 0.9552491908191043 -0.22308610006333973 -0.8312502323115729 -0.4997594708149176
END
CASE
KIND EXPR
SRC 
NT 14
TS -3.3 -1.0 -0.25 0.0 0.1 0.7 1.0 1.5 2.3456 3.14159 4.0 5.5 6.28318 9.87
VALS 0.0 0.0 0.0 0.0 0.0 0.0 0.0 0.0 0.0 0.0 0.0 0.0 0.0 0.0
END
CASE
KIND DYNA
SX 3.0*sin(t)
SY 3.0*cos(t)
SZ 0.5*t
SVX 3.0*cos(t)
SVY -3.0*sin(t)
SVZ 0.5
NT 10
TS -2.0 -0.5 0.0 0.3 1.0 1.7 2.5 3.3 4.4 6.28
EV -2.727892280477045 -1.2484405096414273 -1.0 -1.438276615812609 2.6327476856711183 -0.25 0.0 3.0 0.0 0.8865606199840186 2.866009467376818 0.15 2.5244129544236893 1.6209069176044193 0.5 2.9749944313574055 -0.3865334828865739 0.85 1.7954164323118693 -2.403430846640801 1.25 -0.4732370824297446 -2.9624393097265944 1.65 -2.8548062216685484 -0.9219986099352581 2.2 -0.00955590537941397 2.9999847807401254 3.14
VV -1.2484405096414273 2.727892280477045 0.5 2.6327476856711183 1.438276615812609 0.5 3.0 -0.0 0.5 2.866009467376818 -0.8865606199840186 0.5 1.6209069176044193 -2.5244129544236893 0.5 -0.3865334828865739 -2.9749944313574055 0.5 -2.403430846640801 -1.7954164323118693 0.5 -2.9624393097265944 0.4732370824297446 0.5 -0.9219986099352581 2.8548062216685484 0.5 2.9999847807401254 0.00955590537941397 0.5
AV 2.7278918258279994 1.2484403015680101 0.0 1.438276376099834 -2.6327472468798963 0.0 0.0 -2.999999500000025 0.0 -0.8865604722239073 -2.8660089897085683 0.0 -2.5244125336880696 -1.6209066474530687 0.0 -2.9749939355246946 0.38653341846428546 0.0 -1.7954161330755447 2.4034304460688327 0.0 0.47323700355694776 2.9624388159864012 0.0 2.8548057458684384 0.9219984562691685 0.0 0.00955590378692861 -2.9999842807436883 0.0
END
CASE
KIND DYNA
SX 3.5*sin(0.6*t)
SY 2.0*cos(0.4*t)
SZ 1.0 + 0.2*t
SVX 
SVY 
SVZ 
NT 10
TS -2.0 -0.5 0.0 0.3 1.0 1.7 2.5 3.3 4.4 6.28
EV -3.2621368008852922 1.3934134186943308 0.6 -1.0343207233146885 1.9601331556824833 0.9 0.0 2.0 1.0 0.6266035069903846 1.9856172717077325 1.06 1.9762486568826239 1.8421219880057702 1.2 2.9823780768227706 1.5551454375018559 1.34 3.4912324531141907 1.0806046117362795 1.5 3.211032843486335 0.4963509033047458 1.6600000000000001 1.6828791524602689 -0.37615367778576064 1.8800000000000001 -2.0518329970950946 -1.6165348545386207 2.2560000000000002
VV 0.7609512387436457 0.5738848574160516 0.19999999999997797 2.006206506791397 0.15893546039780215 0.20000000000003348 2.099999874000002 0.0 0.19999999999997797 2.0660716308907867 -0.09576976327729803 0.19999999999997797 1.7332046873181906 -0.31153466553934805 0.19999999999997797 1.0990684316842803 -0.5030344058004621 0.19999999999997797 0.1485481145893086 -0.6731767698948676 0.19999999999997797 -0.8355455848261251 -0.7749720594286136 0.19999999999997797 -1.8413174593501225 -0.7857234327578178 0.20000000000020002 -1.7012915503833437 -0.4710524370130642 0.20000000000020002
AV 1.174369107403983 -0.22294613510887018 0.0 0.3723554157231135 -0.313621288217103 -2.7755575615628914e-11 0.0 -0.31999998295617615 0.0 -0.22557723544647246 -0.3176987465325354 0.0 -0.7114494311455388 -0.29473950236003077 0.0 -1.0736559790114342 -0.24882325672104244 0.0 -1.2568435324711302 -0.17289672871179107 0.0 -1.1559716849296464 -0.07941614028894595 0.0 -0.6058364221961376 0.060184585218281406 0.0 0.7386597900005398 0.25864556307819697 0.0
END
CASE
KIND DYNA
SX sin(t) + 2.0*sin(2.0*t)
SY cos(t) - 2.0*cos(2.0*t)
SZ -sin(3.0*t)
SVX 
SVY 
SVZ 
NT 10
TS -2.0 -0.5 0.0 0.3 1.0 1.7 2.5 3.3 4.4 6.28
EV 0.6043075637901747 0.8911404051800815 -0.27941549819892586 -2.162367508219996 -0.20302204984590677 0.9974949866040544 0.0 -1.0 -0.0 1.4248051534514103 -0.6953347406937507 -0.7833269096274833 2.6600658384592597 1.3725959789624245 -0.1411200080598672 0.4805826063988061 1.8047518908633975 0.9258146823277325 -1.3193764052223205 -1.3684679864733862 -0.9379999767747389 0.4653370328835075 -2.887944953825924 0.4575358937753198 0.21823231189400727 1.3148531581448926 -0.5920735147072245 -0.01592644432844226 -0.9999644884965713 0.009555776105247387
VV -3.030719507594204 3.93650523836786 -2.8805065391868667 3.0387901982933396 -2.886456236609436 -0.21221128668585942 4.9999971666672085 0.0 -2.999995500002025 4.256676588647035 1.9630482304590635 -1.864827107568412 -1.124284020646238 2.795716437947071 2.969973034836995 -3.996034665010806 -2.013828371839277 -1.1339315272397288 0.3335045033974193 -4.434166585879695 -1.0399043936468733 2.8134482285518403 1.4039102911287404 2.667569456517027 -3.5517027120898215 3.2912691270784444 -2.417648246446691 4.9999109244571045 -0.022296966820156694 -2.999858527797006
AV -5.145114766152981 -4.812995296921141 2.5147319395735224 7.21118428159695 3.44483041439525 -8.977427947115535 0.0 6.9999896666339545 0.0 -4.81265387253238 5.6473399450418515 7.049921036839102 -8.11584041970903 -3.869472379292027 1.2700762621886685 1.0526616105455133 -7.605530776833014 -8.332307143976703 7.07291202417526 3.0704378064516646 8.441974465034363 -2.3345819434583692 8.589330040664755 -4.1178106901240685 -3.7277295473203687 -6.181402693261617 5.328645646424102 0.05414980291984506 6.9998324015718705 -0.08600172782968762
END
CASE
KIND DYNA
SX 10.0 + 0.5*t
SY 2.0
SZ 3.0*sin(0.6*t)
SVX 
SVY 
SVZ 
NT 10
TS -2.0 -0.5 0.0 0.3 1.0 1.7 2.5 3.3 4.4 6.28
EV 9.0 2.0 -2.796117257901679 9.75 2.0 -0.8865606199840186 10.0 2.0 0.0 10.15 2.0 0.5370887202774726 10.5 2.0 1.6939274201851062 10.85 2.0 2.556324065848089 11.25 2.0 2.9924849598121632 11.65 2.0 2.75231386584543 12.2 2.0 1.4424678449659447 13.14 2.0 -1.7587139975100812
VV 0.5000000000006111 0.0 0.6522439189231566 0.5000000000006111 0.0 1.7196055772497054 0.5000000000006111 0.0 1.7999998920000018 0.4999999999997229 0.0 1.7709185407634997 0.5000000000006111 0.0 1.4856040177013696 0.4999999999997229 0.0 0.9420586557293831 0.5000000000006111 0.0 0.12732695536210592 0.4999999999997229 0.0 -0.7161819298509009 0.4999999999997229 0.0 -1.5782721080144224 0.4999999999997229 0.0 -1.458249900328612
AV 0.0 0.0 1.006602092012976 0.0 0.0 0.31916178483415436 0.0 0.0 0.0 -4.440892098500626e-10 0.0 -0.1933519161168018 0.0 0.0 -0.6098137981802587 0.0 0.0 -0.9202765532956292 0.0 0.0 -1.077294456308664 0.0 0.0 -0.9908328728602811 4.440892098500626e-10 0.0 -0.5192883619220545 -4.440892098500626e-10 0.0 0.6331369628576056
END
CASE
KIND DYNA
SX t^2
SY 2*t
SZ 5.0
SVX 2*t
SVY 2.0
SVZ 0.0
NT 10
TS -2.0 -0.5 0.0 0.3 1.0 1.7 2.5 3.3 4.4 6.28
EV 4.0 -4.0 5.0 0.25 -1.0 5.0 0.0 0.0 5.0 0.09 0.6 5.0 1.0 2.0 5.0 2.8899999999999997 3.4 5.0 6.25 5.0 5.0 10.889999999999999 6.6 5.0 19.360000000000003 8.8 5.0 39.4384 12.56 5.0
VV -4.0 2.0 0.0 -1.0 2.0 0.0 0.0 2.0 0.0 0.6 2.0 0.0 2.0 2.0 0.0 3.4 2.0 0.0 5.0 2.0 0.0 6.6 2.0 0.0 8.8 2.0 0.0 12.56 2.0 0.0
AV 1.9999999999997797 0.0 0.0 2.0000000000000018 0.0 0.0 2.0 0.0 0.0 2.0000000000000018 0.0 0.0 1.9999999999998908 0.0 0.0 1.9999999999997797 0.0 0.0 1.9999999999997797 0.0 0.0 1.9999999999997797 0.0 0.0 2.000000000000668 0.0 0.0 2.000000000000668 0.0 0.0
END
CASE
KIND DYNP
NSEG 2
TIMES 0.0 0.8408170108469404 1.8693851635008136
CX -0.950223559885291 0.7382798536568939 1.727946031917322 -2.1499551030518695 0.12429126095212732 0.12948818979182822 -1.3224033082373825 -1.2385757075326385
CY -3.102294067871309 -2.2062548501649157 -3.0749531795213905 -1.2331443789053547 -1.1199726101508072 -1.0825704626931492 0.7436860553949886 -0.37513332919809106
CZ -1.4578254728386884 -1.4437661042002143 -2.263020483011793 -0.3923361961187287 -0.42810935565442476 3.2459162555103527 3.068303271286869 2.9558039972734274
NT 21
TS -0.4 0.0 0.116836572719 0.233673145438 0.350509718156 0.467346290875 0.584182863594 0.701019436313 0.817856009032 0.8408170108469404 0.93469258175 1.051529154469 1.168365727188 1.285202299907 1.402038872626 1.518875445344 1.635712018063 1.752548590782 1.8693851635008136 1.869385163501 2.4693851635008137
EV -2.1499551030518695 -1.2331443789053547 -0.3923361961187287 -2.1499551030518695 -1.2331443789053547 -0.3923361961187287 -1.9395052334055358 -1.6274763623100599 -0.6787733953680896 -1.717992296552373 -2.111729861513068 -1.0185782856205006 -1.4945094239851864 -2.7155921722919656 -1.4257014773126233 -1.2781497471909953 -3.46875059044023 -1.914093580891802 -1.078006397662628 -4.4008924117365975 -2.4977052067953345 -0.9031725068909935 -5.541704931964422 -3.1904869654636947 -0.7627412063670027 -6.920875446907054 -4.006389467337357 -1.2385757075326385 -0.37513332919809106 2.9558039972734274 -1.361473117565242 -0.3157862034688121 3.2720935836217384 -1.5103101071212726 -0.2769732944810788 3.7424449717851402 -1.6534668079301404 -0.28704510013086365 4.29402652119667 -1.78975381906903 -0.3567191595744769 4.922741454184428 -1.9179817396151257 -0.4967130119682286 5.624492993076508 -2.036961168644636 -0.71774419646616 6.395184360194127 -2.1455027052367908 -1.0305302522282882 7.230718777878604 -2.242416948467715 -1.4457887184093932 8.126999468451729 -2.32651449741447 -1.9742371341648473 9.079929654240035 -2.32651449741447 -1.9742371341648473 9.079929654240035 -2.32651449741447 -1.9742371341648473 9.079929654240035
VV 1.727946031917322 -3.0749531795213905 -2.263020483011793 1.727946031917322 -3.0749531795213905 -2.263020483011793 1.861548315765775 -3.7175419354171515 -2.660091234944836 1.9173228160761084 -4.614223182152676 -3.1765647570535025 1.895269532848844 -5.764996919717026 -3.8124410493318392 1.7953884660836046 -7.169863148129902 -4.567720111790731 1.6176796157802456 -8.82882186738254 -5.442401944425246 1.3621429819387667 -10.741873077474946 -6.4364865472353845 1.028778564559169 -12.909016778407109 -7.549973920221147 -1.3224033082373825 0.7436860553949886 3.068303271286869 -1.2948057567486224 0.5108225264184192 3.666409455644487 -1.2512783905532259 0.1382855369601106 4.379187553683799 -1.197570984879299 -0.3259824824907208 5.056901479807043 -1.1336835397268414 -0.8819815319340768 5.699551234014219 -1.0596160550958533 -1.5297116113699545 6.307136816305327 -0.9753685309870992 -2.269172720791635 6.879658226675616 -0.8809409673991372 -3.1003648602117737 7.417115465134886 -0.7763333643326447 -4.023288029624436 7.919508531678087 -0.6615457217878127 -5.03794222902793 8.386837426304504 -0.6615457217878127 -5.03794222902793 8.386837426304504 -0.6615457217878127 -5.03794222902793 8.386837426304504
AV 1.4765597073137877 -4.4125097003298315 -2.8875322084004287 1.4765597073137877 -4.4125097003298315 -2.8875322084004287 0.8104345229907186 -6.587278139069243 -3.9094961996139963 0.1443093386676495 -8.762046577808654 -4.931460190827564 -0.5218158456497184 -10.93681501652945 -5.953424182032386 -1.1879410299727875 -13.111583455268862 -6.975388173245952 -1.8540662142958564 -15.286351894008273 -7.99735216445952 -2.520191398618926 -17.461120332747683 -9.019316155673089 -3.186316582941994 -19.635888771487096 -10.041280146886656 0.25897637958365644 -2.1651409253862983 6.491832511020705 0.32898385806450914 -2.7959693344284795 6.2506984499947045 0.41611444775592565 -3.5810919022835175 5.95058547081309 0.5032450374473422 -4.366214470138555 5.650472491631476 0.5903756271387589 -5.151337037993594 5.35035951244986 0.6775062168301754 -5.936459605848633 5.050246533268246 0.7646368065208462 -6.721582173696951 4.7501335540892 0.8517673962122627 -7.506704741551989 4.450020574907585 0.9388979859036795 -8.291827309407026 4.149907595725971 1.026028575594957 -9.076949877260812 3.849794616544835 1.026028575594957 -9.076949877260812 3.849794616544835 1.026028575594957 -9.076949877260812 3.849794616544835
END
CASE
KIND DYNP
NSEG 4
TIMES 0.3 0.8052908033368049 2.294881830660752 2.705778955437488 3.048950710134129
CX 0.9524318252386614 4.253342326951894 5.075750485728146 1.9587332563167017 1.3062924006039978 -2.244796183814472 -2.2407175255417195 1.4004460899449553 -0.15126537743654817 -2.6611213543076473 -0.24804844324107964 0.72001562828226 1.871853826903612 -0.2153588248519812 -0.5384344704267637 0.012415636225076765
CY 0.34596679478506903 -2.3262664394644688 1.6666168258941065 4.380652544793387 1.6284007988754743 -2.896395274711421 0.1890170309118267 -3.531256326971902 -3.658423730673788 1.318502610860731 0.15529816701396423 -1.3742203844895609 -4.174894161742337 -2.5378640713956453 0.3243921910458897 0.06378746193520751
CZ 1.3794001832006706 3.046789839072567 -0.6785130445940196 0.9379343120881692 -0.275596894878501 -0.9930792704972261 -0.48958149137639856 1.9215064218397768 -2.0568379398393732 2.2820764799724453 2.954574402195712 0.07146574472732203 0.5098364972957685 -2.8235986139678726 4.721069100909137 1.957771398139043
NT 23
TS -0.10000000000000003 0.3 0.471809419383 0.643618838767 0.8052908033368049 0.81542825815 0.987237677534 1.159047096917 1.3308565163 1.502665935684 1.674475355067 1.84628477445 2.018094193834 2.189903613217 2.294881830660752 2.361713032601 2.533522451984 2.705331871367 2.705778955437488 2.877141290751 3.048950710134 3.048950710134129 3.648950710134129
EV 1.9587332563167017 4.380652544793387 0.9379343120881692 1.9587332563167017 4.380652544793387 0.9379343120881692 2.9611774939411215 4.600079761253769 0.9182916745926365 4.243707950396974 4.692698827061667 1.1204964273970541 1.4004460899449553 -3.531256326971902 1.9215064218397768 1.377501584991743 -3.529636135605508 1.9164409677144845 0.9263094928639943 -3.582941133616861 1.7978930431107338 0.38468644214862513 -3.7547656470653212 1.6118356983135769 -0.20761798559774092 -3.995558556817273 1.3498827088866185 -0.8108542088196591 -4.255768743740705 1.003647850391698 -1.3852726459510036 -4.485845088698863 0.5647448983969201 -1.8911237154363814 -4.636236472559767 0.02478762846463911 -2.288657835718804 -4.657391776189581 -0.624610183845145 -2.538125425234541 -4.499759880454335 -1.3918347629607966 0.72001562828226 -1.3742203844895609 0.07146574472732203 0.6915074428057596 -1.3590446717617553 0.2785022345303938 0.5072163114048358 -1.3117916137636545 0.8785566726133752 0.15942732412855232 -1.341324551264448 1.5264039582807514 0.012415636225076765 0.06378746193520751 1.957771398139043 -0.07675648730087342 0.023843227403493504 2.686435239718176 -0.12207241402476579 -0.292491814623044 3.2659873055827644 -0.12207241402476901 -0.2924918146234165 3.2659873055831454 -0.12207241402476901 -0.2924918146234165 3.2659873055831454
VV 5.075750485728146 1.6666168258941065 -0.6785130445940196 5.075750485728146 1.6666168258941065 -0.6785130445940196 6.62162204659662 0.8979050915020248 0.4905747179150136 8.33617962668954 0.1904678335000365 1.9039692325187247 -2.2407175255417195 0.1890170309118267 -0.48958149137639856 -2.285827830164785 0.13079492090623132 -0.509801051454456 -2.9278517061911913 -0.7032401134900064 -0.8783274582352909 -3.338517012341647 -1.2488676827285627 -1.295665067950498 -3.5178237486205637 -1.5060877868151328 -1.761813880602081 -3.465771915026964 -1.4749004257486957 -2.2767738961931796 -3.182361511561454 -1.1553055995296133 -2.840545114717798 -2.6675925382244046 -0.5473033081585443 -3.453127536178792 -1.9214649950107994 0.3491064483705682 -4.114521160580154 -0.9439788819293229 1.5339236700472894 -4.824725987914183 -0.24804844324107964 0.15529816701396423 2.954574402195712 -0.6057671598559234 0.2825123394079442 3.2320421884789243 -1.5439951430765726 0.15956021340256074 3.6923599729676906 -2.509013867312493 -0.6113384840759727 3.7883894220127754 -0.5384344704267637 0.3243921910458897 4.721069100909137 -0.4473420092832295 -0.9131843638825298 3.7982663186039116 -0.024917597399342295 -2.8924467859616776 2.963236038913105 -0.024917597398901425 -2.8924467859634384 2.9632360389125125 -0.024917597398901425 -2.8924467859634384 2.9632360389125125
AV 8.506684653903788 -4.6525328789289375 6.093579678145134 8.506684653903788 -4.6525328789289375 6.093579678145134 9.48850520728066 -4.295890754102016 7.5155433455802 10.470325760663247 -3.939248629273019 8.937507013023541 -4.489592367628944 -5.792790549422842 -1.9861585409944522 -4.410137486525286 -5.693743512324617 -2.0029216474053784 -3.0635374531642587 -4.015095937649194 -2.2870225023640294 -1.716937419811071 -2.3364483629835444 -2.571123357321027 -0.3703373864578827 -0.6578007883178927 -2.8552242122780247 0.9762626469031437 1.02084678635753 -3.139325067236676 2.322862680256333 2.6994943610231816 -3.4234259221936734 3.669462713609521 4.378141935688833 -3.707526777150671 5.016062746970547 6.056789510364255 -3.9916276321093225 6.3626627803237366 7.735437085029907 -4.27572848706632 -5.322242708615295 2.637005221721462 4.564152959944891 -5.382898190531473 1.170024090955526 3.739387249650276 -5.538831090552216 -2.601285851188787 1.6190824563979045 -5.694763990572958 -6.3725957933331 -0.5012223368544673 -0.4307176497039624 -5.075728142791291 -5.647197227935745 1.4938738091584656 -9.368245822248781 -5.122996591107761 3.4234865241794026 -13.671962673735347 -4.59742831562387 3.4234865241808485 -13.671962673738573 -4.5974283156234765 3.4234865241808485 -13.671962673738573 -4.5974283156234765
END
CASE
KIND DYNP
NSEG 1
TIMES -0.5 -0.28802614460445747
CX 0.1148752067697985 0.9019437371158424 -1.3024718702636062 0.5665235285812813
CY -1.8471538691484952 0.9946391855949636 -1.356426540529843 1.791036657436303
CZ -0.2407383040903396 0.5374921623766632 5.921776220352957 1.608466274482169
NT 20
TS -0.9 -0.5 -0.486751634038 -0.473503268076 -0.460254902113 -0.447006536151 -0.433758170189 -0.420509804227 -0.407261438264 -0.394013072302 -0.38076470634 -0.367516340378 -0.354267974416 -0.341019608453 -0.327771242491 -0.314522876529 -0.301274510567 -0.28802614460445747 -0.288026144604 0.3119738553955425
EV 0.5665235285812813 1.791036657436303 1.608466274482169 0.5665235285812813 1.791036657436303 1.608466274482169 0.5494264801568125 1.7732365052360102 1.6870139133901423 0.5326476513651816 1.7557597379917995 1.7657468738933124 0.5161886449504326 1.738580584108859 1.8446617972034338 0.5000510636603249 1.721673271996255 1.923755324514384 0.48423651023887865 1.7050120300591545 2.0030240970379034 0.4687465874313683 1.6885710867040316 2.0824647559797826 0.4535828979819361 1.6723246703361412 2.1620739425518285 0.4387470446381457 1.6562470093644086 2.241848297947813 0.42424063014411484 1.6403123321940751 2.321784463379531 0.41006525724511794 1.624494867231615 2.4018790800527716 0.3962225286864295 1.608768842883503 2.4821287891733266 0.382714047212317 1.5931084875550328 2.5625302319530614 0.36954141557009434 1.5774880296550413 2.643080049585629 0.3567062365040038 1.5618816975888192 2.723774883282883 0.3442101127593198 1.5462637197628406 2.804611374250615 0.332054647080826 1.5306083245829374 2.8855861636979334 0.332054647080826 1.5306083245829374 2.8855861636979334 0.332054647080826 1.5306083245829374 2.8855861636979334
VV -1.3024718702636062 -1.356426540529843 5.921776220352957 -1.3024718702636062 -1.356426540529843 5.921776220352957 -1.2785128204373122 -1.3310444855798715 5.935891243506593 -1.254432793784209 -1.307607696453588 5.949752741492013 -1.2302317903024649 -1.2861161731494437 5.963360714310232 -1.2059098099957335 -1.2665699156706829 5.976715161959197 -1.1814668528621926 -1.24896892401561 5.989816084439944 -1.1569029189018423 -1.2333131981842254 6.002663481752474 -1.1322180081128148 -1.219602738175567 6.015257353897728 -1.1074121204988363 -1.207837543991705 6.0275977008738035 -1.0824852560580487 -1.1980176156315308 6.039684522681662 -1.0574374147904515 -1.1901429530950447 6.051517819321303 -1.0322685966960448 -1.1842135563822465 6.063097590792726 -1.0069788017729153 -1.1802294254929089 6.074423837096777 -0.9815680300248805 -1.1781905604276335 6.085496558231746 -0.9560362814500365 -1.178096961186046 6.096315754198497 -0.9303835560483829 -1.1799486277681464 6.106881424997031 -0.9046098538188618 -1.18374556017413 6.117193570627765 -0.9046098538188618 -1.18374556017413 6.117193570627765 -0.9046098538188618 -1.18374556017413 6.117193570627765
AV 1.8038874742316848 1.9892783711899271 1.0749843247533264 1.8038874742316848 1.9892783711899271 1.0749843247533264 1.813018926907165 1.8424477485103057 1.055847989831366 1.8221503795826453 1.695617125830685 1.0367116549094058 1.831281832258815 1.548786503139981 1.017575319986001 1.8404132849342951 1.4019558804603596 0.9984389850640405 1.8495447376097753 1.2551252577807381 0.9793026501420801 1.8586761902852555 1.1082946351011174 0.9601663152201199 1.8678076429614252 0.9614640124104135 0.941029980296715 1.8769390956369054 0.814633389730792 0.9218936453747546 1.8860705483123856 0.6678027670511706 0.9027573104527942 1.8952020009878658 0.5209721443715498 0.883620975530834 1.9043334536633463 0.3741415216919284 0.8644846406088735 1.9134649063395157 0.22731089900122448 0.8453483056854687 1.922596359014996 0.08048027632160304 0.8262119707635083 1.9317278116904761 -0.06635034635801751 0.8070756358415481 1.9408592643659566 -0.21318096903763917 0.7879393009195876 1.9499907170418107 -0.3600115917232729 0.7688029659968436 1.9499907170418107 -0.3600115917232729 0.7688029659968436 1.9499907170418107 -0.3600115917232729 0.7688029659968436
END
