ANGLEWRAP -19.679781583769312 -0.8302256622305535 -4.564697964596611 1.718487342582975 -16.69917537565453 2.1503805458842287 -0.08393656948952355 -0.08393656948952355 -2.0501746617430143 -2.0501746617430143 8.217133737013157 1.9339484298335705 -8.088460511980205 -1.805275204800619 4.850587622487986 -1.4325976846916006 2.4360937206579045 2.4360937206579045 -16.406090007068094 2.4434659144706643 -19.642372636738756 -0.7928167151999972 -4.708781060352557 1.5744042468270294 3.141592653589793 -3.141592653589793 -3.141592653589793 -3.141592653589793 0.0 0.0 9.42477796076938 -3.141592653589793
ANGLEDIFF 7.93918647208859 -9.421434594755953 -1.4889348546942145 9.229991570351164 4.904113122610994 -1.9573068594394165 4.471074414295664 -6.325817184820277 -1.7694790152432311 1.7427865518868977 4.32715327876274 -2.5843667268758423 8.181561454501221 -9.176334112061141 -1.4916603549763963 -7.962960522323808 9.396199360858748 1.4903960383562023 5.9219651265041975 -2.822917686547428 2.4616975058720385 -7.300113990217452 2.938123516893379 2.328133107248341
YAWQUAT 2.6518340802159894 0.0 0.0 0.9701665976818654 0.24243921453096942 2.6518340802159894 -1.8288105122199578 0.0 0.0 -0.7921997775045725 0.6102618393130165 -1.828810512219958 1.4267562947475847 0.0 0.0 0.6543919050079524 0.7561555624737961 1.426756294747585 -1.983028887402555 0.0 0.0 -0.8368559794569802 0.5474231175672967 -1.9830288874025548 1.4056798385502978 0.0 0.0 0.6463871765364534 0.7630095792381848 1.4056798385502975 -2.2635328709258604 0.0 0.0 -0.9051644449865092 0.42506155734465656 -2.2635328709258604 3.0873470489166968 0.0 0.0 0.9996321993451381 0.02711947699351852 3.0873470489166968 -2.8346555117792507 0.0 0.0 -0.9882467942783483 0.15286684924655175 -2.8346555117792507
SAT
V -2.5257317718756322 -0.2736852168456466 4.358562512633352
VMAX 0.7607725309957907
OUT -0.3808790944413964 -0.04127159451961787 0.6572690581649584
END
SAT
V 3.0127089943168963 2.4499059143955115 0.6664629346744478
VMAX 2.2902142688677087
OUT 1.7512602284959433 1.4241079372522203 0.3874088182641387
END
SAT
V 3.304027331721349 -1.3554279140411567 -2.1779959945969702
VMAX 2.1687524062246903
OUT 1.7130350520896553 -0.7027470702318896 -1.1292229474723186
END
SAT
V -2.81332699206915 -0.5629952143750891 0.24437153239326237
VMAX 1.5722711089500228
OUT -1.5361419920393657 -0.30740848559616063 0.133432542191694
END
SAT
V -2.135391058385421 -1.140249302286562 -1.3908228613181064
VMAX 0.8536147103363205
OUT -0.6528997857969471 -0.34863334389950607 -0.4252466753900726
END
SAT
V -2.5620899298502184 -1.6172130122574946 -4.724631349098821
VMAX 0.7429381921283937
OUT -0.33914014609591764 -0.21406815227492396 -0.6253926325202797
END
PSPH
P1 -2.0639585353271146 2.3265140721436612 0.8653640695803504
P2 -4.751540086726537 4.260620470955583 0.821652177172437
R 1.5328257339910831
OUT -3.3079998707763325 3.221783019806292 0.8451304878392353
END
PSPH
P1 1.9114870668514694 0.09364244404117272 1.4944761047811994
P2 -2.2006366412346545 -5.706224583368771 -3.3417371122298403
R 2.1871779765754846
OUT 0.8655165333752353 -1.3816268910768317 0.26432427139771164
END
PSPH
P1 -0.03148585857853092 1.129461546385917 0.5367475482313715
P2 2.0872298428339704 -1.557254384353521 -2.89106209335054
R 2.2022524501713665
OUT 0.9319015874496654 -0.09219759221051693 -1.0218894948947297
END
PSPH
P1 0.8906943896667845 -2.925073673703312 0.5756195878910897
P2 -2.5412995042110706 5.508201028978867 -4.2178733551378755
R 1.7991605764156193
OUT 0.2906034108765231 -1.4504987684952169 -0.26253221568226437
END
PSPH
P1 -0.8446248234635023 0.29059387974873463 1.4978141922858708
P2 3.567369919306218 -2.9357310149363776 0.9819164177335189
R 2.2864751517392663
OUT 0.9928546509944931 -1.0530853668396536 1.2829563724274071
END
PSPH
P1 1.0166191884891607 2.7299199117196826 0.5140703670168438
P2 2.1489416285218645 -5.803826495826328 -4.221901273258041
R 1.0375141500624994
OUT 1.1361881816495252 1.8287883702422536 0.013969564768896992
END
PBOX
P1 -0.7557278825379599 -1.6938557670837355 0.5156784858572729
P2 -4.145128291909238 0.45497886304483615 -3.2970463780990644
W 2.6283654091114963 0.5566784136436618 0.5803278968009263
OUT -1.013675109412545 -1.5303206673884602 0.22551453745680977
END
PBOX
P1 0.10600734389712274 -2.3245943149236563 0.09920072240202948
P2 -4.9313913261310045 3.6639953938749112 3.488437204733131
W 1.4975392258913223 1.0135187857022014 1.2862233874643203
OUT -0.320261479933276 -1.8178349220725556 0.3860007046234664
END
PBOX
P1 1.9525264583155773 -1.8407268388461426 2.6969553333623804
P2 1.2077962959029858 5.282313778274455 -4.473927884935339
W 0.6756731168019637 0.6740379653741708 0.8956819597974642
OUT 1.9172903540724797 -1.5037078561590573 2.3576727296116915
END
PBOX
P1 -2.2227924589116874 2.7657756147793915 2.426979821689682
P2 -1.1881244035866114 1.3665061301959742 -4.3983168754955715
W 2.848326458394377 0.5705815615629588 2.3169422752602262
OUT -2.0471761989451 2.5282748315057564 1.2685086840595687
END
PBOX
P1 -0.16374547035408415 -2.6260003646522576 2.880266946975282
P2 -2.241432094734295 -4.482112012390006 1.2836448686410797
W 0.5741925754364653 1.3403298721127184 2.901909859898532
OUT -0.4508417580723168 -2.8824792568023394 2.6596445171054945
END
PBOX
P1 2.26124708868587 -1.558972629260743 0.3470256159040712
P2 3.4842961751552686 5.86554319854239 -3.546738622886576
W 1.7912996181679504 1.5287381560837625 2.0256802177761104
OUT 2.3871624916975707 -0.7946035512188618 -0.05384537021079239
END
MT1D -3.995483730695134 -2.600258926320639 -4.121672059872422 1.6658683434324981 2.3794129950571508 4.943197498320079 1.0127005871370378 2.6414767041128906 2.9605960399069122 -1.6005475743812516 -4.634153837272913 3.7203146916689387 3.087205058944539 3.119692302148951 4.282693491486297 -0.05975137929168728 -1.0215713643276434 3.3693343501289235 3.2966325258065345 2.2341502083637095 5.3368448289080055 -3.848912948628108 -0.471946758508329 -0.5934600252212121 -3.1368588408680145 2.3498534186241278 5.094889264001033 2.975169825177111 4.683202807657976 1.2983443451614507 -0.2944034126507198 -0.29269728867375644 1.3944184336613512 5.2909201631054295 4.14333234040384 -2.5417432933160997 1.9779401496190623 -2.0940602761033897 4.240528485614448 3.70099319413343 5.34235065515848 2.2590094713777726 -1.2196833594405074 -3.551891880076561 1.6918944751046485 3.0318401998914037 1.48539588052581 2.9995297778516923 5.076040482252928 1.5641621281325788 -3.717873801195446 2.819121215636714 -4.440092554847096 2.832023076366304 1.7101009913674265 10.33203477336581 3.7161923153034664 -2.285956358346961 -1.9883590369470472 0.020073291496917278 3.1213350808008755 3.066142359101675 2.379626901965618 4.996762806113283 -4.20377138529643 1.8863247526453666 1.8365791316373663 1.2230740598471583 4.944578640600094 4.051670067853978
MT3D
P0 2.321867609375177 -1.5221048418590453 3.3353103446667323
V0 1.101467581379001 0.5607688327199005 1.2229045457960739
PF -2.0586733924289478 0.9854444266365618 -3.892221270429247
VF -0.4334103637201201 -1.8493759538413186 0.536085298644636
VM 2.469867955692941 3.8233452512834716 3.913295114909699
AM 5.5402657151776795 2.015890723051341 2.835469747300158
T 3.927730377715252
END
MT3D
P0 1.2742930489402093 1.4709949411444354 0.848139592226266
V0 -0.7345922757062486 0.14530761428340444 -1.405383425602495
PF -1.2811597162574229 0.5148177139651153 3.8170449229816015
VF 1.5814662888426532 -1.33077451635085 -1.9649981376253023
VM 3.7413368293193736 2.4368617489928246 1.5295256770659909
AM 1.5039089319838497 1.5333416092084349 2.909291022251842
T 4.281080605997399
END
MT3D
P0 2.1654526251811292 2.1946320179797585 3.5372293263179557
V0 -1.2561862803020944 1.32710717145447 -1.404191180445729
PF -2.649778171649788 -4.184699245303368 4.34656266665076
VF 0.17529839440818584 -0.19472731132931287 0.5453268294937237
VM 3.586797589031242 2.76696097495541 1.2981406669847395
AM 4.0029678626006255 5.863778908909869 4.593240766907941
T 3.025968558454575
END
MT3D
P0 4.434536119485626 1.0456312184281602 -1.6669136364816972
V0 -1.7262840040084062 1.450628591902091 1.9203886174934817
PF -2.349203698160202 -3.2676655838048463 -0.8378983398137443
VF -1.8170784353318008 -0.7019837360305585 0.3654231176396743
VM 2.101633323679933 2.940629191360658 2.471511001892555
AM 4.160758652343532 1.2995364261101279 3.6764521321180763
T 4.619859865115666
END
MT3D
P0 2.3350194972236 -0.37126416099571546 -2.4385601747315855
V0 0.5337799399957648 1.8917391729191486 -1.3197665696039822
PF 2.9797368955568686 4.653196067981561 -4.121881193863393
VF 1.2600878434081744 1.2888080054117634 -0.8902710880392743
VM 2.768323873922568 2.752656952636655 3.5041171387751056
AM 3.7441727058570082 2.542006018588036 4.723605434114995
T 2.0313956193889804
END
CMV
N 2
PATH -2.209573764985363 -2.269986717847663 -1.5196367534502988 -2.572603327806122 0.9854347718688841 1.3403888106131099
D 1.8993016813926258
NOUT 4
OUT -2.209573764985363 -2.269986717847663 -1.5196367534502988 -2.368135413765936 -0.8481052741592228 -0.27045372419825275 -2.526697062546509 0.5737761695292174 0.9787293050537933 -2.572603327806122 0.9854347718688841 1.3403888106131099
END
CMV
N 5
PATH 1.7221273207896362 2.4312640590618075 3.628564596893643 -0.25300296636357356 3.2636706750806415 -0.6762731078247617 -1.0134371895570906 -1.2571003020358473 1.5725575841325776 1.9017854774549017 3.0019594544496417 3.5192997105105537 3.196834795954784 3.3027017999198787 3.1908542138084304
D 0.9327836870103454
NOUT 21
OUT 1.7221273207896362 2.4312640590618075 3.628564596893643 1.3390119760916381 2.5927256850108464 2.7935567030654225 0.9558966313936401 2.754187310959886 1.9585488092372016 0.5727812866956421 2.9156489369089247 1.1235409154089808 0.18966594199764408 3.0771105628579636 0.28853302158076044 -0.19344940270035393 3.2385721888070025 -0.5464748722474599 -0.25300296636357356 3.2636706750806415 -0.6762731078247617 -0.39191765741047746 2.437824751231247 -0.2654609543710241 -0.5308323484573814 1.6119788273818525 0.14535119908271343 -0.6697470395042853 0.7861329035324576 0.5561633525364511 -0.8086617305511891 -0.039713020316936465 0.9669755059901886 -0.9475764215980929 -0.865558944166331 1.3777876594439262 -1.0134371895570906 -1.2571003020358473 1.5725575841325776 -0.5204716570804695 -0.5368912818248432 1.9017525989024873 -0.027506124603848492 0.18331773838616083 2.230947613672397 0.46545940787277273 0.9035267585971649 2.560142628442307 0.9584249403493936 1.623735778808169 2.8893376432122166 1.4513904728260143 2.3439447990191726 3.2185326579821263 1.9017854774549017 3.0019594544496417 3.5192997105105537 2.783872827816604 3.206801860733205 3.295588062015342 3.196834795954784 3.3027017999198787 3.1908542138084304
END
CMV
N 3
PATH 4.040876949848867 -0.5538974010938968 1.169123411379445 3.294122051091705 -3.5446061625077174 -2.2724787205683095 3.4547349350180934 -0.696826740507202 4.084828293676875
D 1.6055872542812182
NOUT 9
OUT 4.040876949848867 -0.5538974010938968 1.169123411379445 3.7813708535061226 -1.5932038151050196 -0.02687374366173323 3.521864757163378 -2.6325102291161424 -1.2228708987029115 3.294122051091705 -3.5446061625077174 -2.2724787205683095 3.3311317215110696 -2.888398669940732 -0.8075785730822425 3.368141391930434 -2.232191177373746 0.6573215744038245 3.4051510623497987 -1.5759836848067608 2.1222217218898916 3.4421607327691635 -0.9197761922397754 3.5871218693759586 3.4547349350180934 -0.696826740507202 4.084828293676875
END
CMV
N 5
PATH 1.7905062733525892 1.190769598472662 -1.1291679315270664 -3.7950152918020965 -2.8793836590582202 -3.9504423114835885 -0.08199996280454425 1.184638375671411 4.117078780018035 -4.208901179063126 -3.1443423537501456 1.248171976456768 3.698442219490003 -0.6069288388596359 1.1672846285881473
D 0.4028898460249464
NOUT 83
OUT 1.7905062733525892 1.190769598472662 -1.1291679315270664 1.4890462419617188 0.9710965537143195 -1.28143687422524 1.1875862105708483 0.7514235089559769 -1.4337058169234136 0.886126179179978 0.5317504641976342 -1.5859747596215872 0.5846661477891077 0.31207741943929157 -1.7382437023197606 0.28320611639823756 0.09240437468094909 -1.890512645017934 -0.01825391499263307 -0.12726867007739373 -2.0427815877161075 -0.3197139463835037 -0.3469417148357363 -2.1950505304142816 -0.6211739777743737 -0.5666147595940789 -2.3473194731124547 -0.9226340091652441 -0.7862878043524215 -2.4995884158106283 -1.224094040556114 -1.0059608491107639 -2.651857358508802 -1.525554071946985 -1.225633893869107 -2.8041263012069755 -1.8270141033378553 -1.4453069386274495 -2.956395243905149 -2.1284741347287253 -1.6649799833857921 -3.108664186603322 -2.4299341661195966 -1.8846530281441347 -3.2609331293014963 -2.7313941975104665 -2.1043260729024773 -3.41320207199967 -3.0328542289013365 -2.32399911766082 -3.565471014697843 -3.3343142602922073 -2.5436721624191625 -3.7177399573960166 -3.6357742916830773 -2.763345207177505 -3.87000890009419 -3.7950152918020965 -2.8793836590582202 -3.9504423114835885 -3.641847666454029 -2.711736464186602 -3.6176445881937247 -3.488680041105962 -2.544089269314984 -3.2848468649038605 -3.3355124157578953 -2.376442074443366 -2.9520491416139967 -3.182344790409828 -2.208794879571748 -2.619251418324133 -3.029177165061761 -2.04114768470013 -2.286453695034269 -2.8760095397136936 -1.873500489828512 -1.953655971744405 -2.7228419143656266 -1.7058532949568936 -1.620858248454541 -2.5696742890175592 -1.5382061000852758 -1.2880605251646773 -2.416506663669492 -1.3705589052136578 -0.9552628018748135 -2.2633390383214254 -1.20291171034204 -0.6224650785849497 -2.110171412973358 -1.0352645154704214 -0.28966735529508547 -1.9570037876252906 -0.8676173205988036 0.04313036799477832 -1.8038361622772234 -0.6999701257271855 0.37592809128464166 -1.6506685369291563 -0.532322930855567 0.7087258145745063 -1.497500911581089 -0.3646757359839494 1.0415235378643701 -1.344333286233022 -0.19702854111233137 1.374321261154234 -1.191165660884955 -0.029381346240713313 1.7071189844440977 -1.0379980355368876 0.13826584863090474 2.0399167077339615 -0.8848304101888202 0.3059130435025228 2.3727144310238253 -0.7316627848407538 0.4735602383741404 2.705512154313689 -0.5784951594926859 0.6412074332457594 3.0383098776035538 -0.425327534144619 0.8088546281173774 3.3711076008934175 -0.2721599087965516 0.976501822988995 3.7039053241832813 -0.11899228344848467 1.144149017860613 4.036703047473145 -0.08199996280454425 1.184638375671411 4.117078780018035 -0.3326536616925963 0.9217110664424462 3.9428313085145468 -0.5833073605806484 0.6587837572134815 3.768583837011058 -0.8339610594687005 0.3958564479845167 3.5943363655075693 -1.0846147583567525 0.132929138755552 3.420088894004081 -1.3352684572448046 -0.12999817047341256 3.2458414225005923 -1.5859221561328567 -0.39292547970237757 3.0715939509971033 -1.8365758550209088 -0.6558527889313424 2.897346479493615 -2.0872295539089607 -0.9187800981603069 2.7230990079901263 -2.337883252797013 -1.1817074073892715 2.5488515364866373 -2.588536951685065 -1.444634716618236 2.3746040649831492 -2.839190650573117 -1.7075620258472015 2.2003565934796603 -3.089844349461169 -1.970489335076166 2.0261091219761718 -3.3404980483492213 -2.2334166443051306 1.8518616504726828 -3.5911517472372734 -2.4963439535340957 1.6776141789691943 -3.8418054461253255 -2.7592712627630602 1.5033667074657053 -4.092459145013377 -3.022198571992025 1.3291192359622168 -4.208901179063126 -3.1443423537501456 1.248171976456768 -3.825296957603686 -3.0212463293535903 1.2442479369227395 -3.441692736144246 -2.8981503049570354 1.2403238973887112 -3.058088514684806 -2.77505428056048 1.2363998578546826 -2.6744842932253663 -2.651958256163925 1.2324758183206543 -2.290880071765926 -2.52886223176737 1.2285517787866258 -1.907275850306486 -2.4057662073708146 1.2246277392525975 -1.5236716288470458 -2.2826701829742597 1.220703699718569 -1.140067407387606 -2.1595741585777044 1.2167796601845406 -0.7564631859281663 -2.0364781341811495 1.2128556206505121 -0.3728589644687266 -1.9133821097845944 1.2089315811164838 0.010745256990714047 -1.7902860853880391 1.2050075415824553 0.3943494784501542 -1.667190060991484 1.201083502048427 0.7779536999095935 -1.544094036594929 1.1971594625143984 1.1615579213690346 -1.4209980121983736 1.19323542298037 1.5451621428284739 -1.2979019878018185 1.1893113834463416 1.928766364287914 -1.1748059634052634 1.1853873439123133 2.312370585747354 -1.0517099390087083 1.1814633043782847 2.6959748072067935 -0.9286139146121535 1.1775392648442564 3.0795790286662346 -0.8055178902155982 1.1736152253102279 3.463183250125673 -0.6824218658190433 1.1696911857761996 3.698442219490003 -0.6069288388596359 1.1672846285881473
END
SE3
M -0.968878845106603 -0.24753541868770032 0.0 -2.3925925848144605 0.24753541868770032 -0.968878845106603 0.0 1.5850088107043456 0.0 0.0 1.0 2.4921340327479253 0.0 0.0 0.0 1.0
MINV -0.968878845106603 0.24753541868770032 0.0 -2.710478159967051 -0.24753541868770032 -0.968878845106603 0.0 0.9434300987678822 0.0 0.0 1.0 -2.4921340327479253 0.0 0.0 0.0 1.0
END
SE3
M -0.14888050686755916 -0.9888551939868944 0.0 1.4337958655362204 0.9888551939868944 -0.14888050686755916 0.0 0.32405584268332266 0.0 0.0 1.0 -0.25297822230397626 0.0 0.0 0.0 1.0
MINV -0.14888050686755916 0.9888551939868944 0.0 -0.10698004797356034 -0.9888551939868944 -0.14888050686755916 0.0 1.4660620868645133 0.0 0.0 1.0 0.25297822230397626 0.0 0.0 0.0 1.0
END
SE3
M 0.23509502428802553 -0.9719723913543082 0.0 -2.0079209281627186 0.9719723913543082 0.23509502428802553 0.0 -1.7348327177198821 0.0 0.0 1.0 0.4410258733907515 0.0 0.0 0.0 1.0
MINV 0.23509502428802553 0.9719723913543082 0.0 2.158261724616737 -0.9719723913543082 0.23509502428802553 0.0 -1.5437931662886628 0.0 0.0 1.0 -0.4410258733907515 0.0 0.0 0.0 1.0
END
SE3
M 0.6987890106590193 0.7153278399322851 0.0 -2.501549702364373 -0.7153278399322851 0.6987890106590193 -0.0 -0.8275621970955997 -0.0 0.0 1.0 0.2171536918335213 0.0 0.0 0.0 1.0
MINV 0.6987890106590193 -0.7153278399322851 -0.0 1.1560771627715534 0.7153278399322851 0.6987890106590193 0.0 2.3677195140427965 0.0 -0.0 1.0 -0.2171536918335213 0.0 0.0 0.0 1.0
END
