CASE
RES 0.3
PARAMS 20.0 20.0 8.0 0.0 0.0 1.5 0.0 3.0 0.3 2.0
NOBST 1
OBSTPOS 0.5 0.5 1.5
OBSTBBOX 0.3 0.3 0.4
NCLOUD 0
CLOUD
KBOOL 1 1 1 0 1 1 1 1 1
KINT 2 2 15 2
KFLOAT 0.2 1.0 0.5 0.0 2.0 0.1 0.5 0.5 1.0 5.0 1.0 0.5 5.0
PREDTIMES 0
PREDSAMP -1
DIM 25 25 8
ORIGIN -3.75 -3.75 0.30000000000000004
NCELL 113
CELLS 0 2 0 0 2 4 0 2 7 0 12 0 0 12 4 0 12 7 0 22 0 0 22 4 0 22 7 6 2 0 6 2 4 6 2 7 6 12 0 6 12 4 6 12 7 6 22 0 6 22 4 6 22 7 12 2 0 12 2 4 12 2 7 12 12 0 12 12 4 12 12 7 12 22 0 12 22 4 12 22 7 18 2 0 18 2 4 18 2 7 18 12 0 18 12 4 18 12 7 18 22 0 18 22 4 18 22 7 24 2 0 24 2 4 24 2 7 24 12 0 24 12 4 24 12 7 24 22 0 24 22 4 24 22 7 15 14 4 1 12 0 15 16 5 11 8 0 23 13 4 3 17 1 7 21 3 22 12 7 23 20 7 10 10 4 6 11 6 20 14 7 16 23 0 24 12 1 10 14 0 14 4 6 7 2 4 3 2 1 0 20 4 24 5 5 3 6 0 13 3 5 13 22 3 0 16 7 16 16 7 22 23 4 17 8 6 7 12 3 17 17 0 21 9 5 12 0 0 8 19 0 8 21 6 22 9 7 9 12 7 21 0 7 20 8 3 17 15 4 6 20 2 5 7 0 18 20 1 18 17 4 10 0 7 12 12 2 20 13 1 10 17 1 8 3 3 4 22 7 14 17 5 13 23 5 19 19 1 10 14 4 24 23 7 18 3 4 17 16 4 12 1 5 15 17 0 5 5 7 23 16 3 22 8 5 12 14 4 12 16 4 14 12 4 14 14 4 14 16 4 16 12 4 16 14 4 16 16 4
OCC -1 -1 -1 -1 -1 -1 -1 -1 -1 -1 -1 -1 -1 -1 -1 -1 -1 -1 -1 -1 -1 -1 100 -1 -1 -1 -1 -1 -1 -1 -1 -1 -1 -1 -1 -1 -1 -1 -1 -1 -1 -1 -1 -1 -1 100 -1 -1 -1 -1 -1 -1 -1 -1 -1 -1 -1 -1 -1 -1 -1 -1 -1 -1 -1 -1 -1 -1 -1 -1 -1 -1 -1 -1 -1 100 -1 -1 -1 -1 100 -1 -1 -1 -1 -1 -1 100 100 -1 -1 -1 -1 -1 -1 -1 -1 -1 -1 -1 -1 -1 -1 -1 -1 100 -1 100 100 -1 -1 -1 -1
HEAT 0.0 0.0 0.0 0.0 0.0 0.0 0.0 0.0 0.0 0.0 0.0 0.0 0.0 0.0 0.0 0.0 0.0 0.0 0.0 0.0 0.0 0.006503073964267969 0.06913720816373825 0.006503073964267969 0.0 0.0 0.0 0.0 0.0 0.0 0.0 0.0 0.0 0.0 0.0 0.0 0.0 0.0 0.0 0.0 0.0 0.0 0.0 0.0 0.0 0.37534722685813904 0.0 0.04143005236983299 0.0 0.0 0.0 0.0 0.0 0.0 0.0 0.0 0.0 0.1599999964237213 0.0 0.0 0.0 0.0 0.0 0.0 0.0 0.0 0.0 0.0 0.0 0.0003177126054652035 0.1599999964237213 0.0 0.0 0.0 0.0 0.1599999964237213 0.0 0.0 0.0 0.0 0.1599999964237213 0.0 0.013693692162632942 0.0 0.0 0.0 0.0 0.1599999964237213 0.05786605924367905 0.0 0.0 0.0 0.0 0.013693692162632942 0.1599999964237213 0.0 0.0086805559694767 0.1599999964237213 0.0 0.00488683208823204 0.1599999964237213 0.0 0.0 0.0 0.0 0.19034722447395325 0.041721031069755554 0.19034722447395325 1.2000000476837158 0.05868055671453476 0.041721031069755554 0.05868055671453476 0.024755291640758514
NRT 25
RTCELLS 0 2 0 0 2 4 0 2 7 0 12 0 0 12 4 0 12 7 0 22 0 0 22 4 0 22 7 6 2 0 6 2 4 6 2 7 6 12 0 6 12 4 6 12 7 6 22 0 6 22 4 6 22 7 12 2 0 12 2 4 12 2 7 12 12 0 12 12 4 12 12 7 12 22 0
I2F -3.6 -3.0 0.45000000000000007 -3.6 -3.0 1.65 -3.6 -3.0 2.55 -3.6 0.0 0.45000000000000007 -3.6 0.0 1.65 -3.6 0.0 2.55 -3.6 3.0 0.45000000000000007 -3.6 3.0 1.65 -3.6 3.0 2.55 -1.8 -3.0 0.45000000000000007 -1.8 -3.0 1.65 -1.8 -3.0 2.55 -1.8 0.0 0.45000000000000007 -1.8 0.0 1.65 -1.8 0.0 2.55 -1.8 3.0 0.45000000000000007 -1.8 3.0 1.65 -1.8 3.0 2.55 0.0 -3.0 0.45000000000000007 0.0 -3.0 1.65 0.0 -3.0 2.55 0.0 0.0 0.45000000000000007 0.0 0.0 1.65 0.0 0.0 2.55 0.0 3.0 0.45000000000000007
NF2I 26
RTPOINTS -0.7336360356967022 -0.3116025126304116 1.6530110136547427 -2.560467291963448 -4.117912154932746 4.830763543615678 -1.1081201283470175 0.5163168039896968 5.735102734543377 0.6069174286644494 -1.348866705766675 0.9484680163682748 0.4080421570166255 0.7511918266092228 4.909383421091796 0.23038728773019912 -2.40545199834147 2.826565118852856 -3.0512577549815116 -4.322410075627298 4.6859830210872575 -3.0076235289478177 -3.2073751997180784 3.351768870261272 -2.5845715874221815 1.5562381210186418 1.6231233676779864 -2.6579562613459164 0.10047746789063083 3.3020305038546023 -2.4739618425597687 -1.0045815416472061 1.6505267754043567 1.0882087839032701 -0.7821974365453137 4.370904363999498 0.6738704285562642 -2.563707084272017 0.9241085680531347 -2.2426700254339242 -0.37409243369627987 5.575443085283675 -0.05844951375236063 0.379401082891909 1.5899218933761516 0.7504646485909499 0.19777107465159904 5.166008682113402 -0.961781445584382 -3.940225010465187 1.2409862362570026 -0.9782700233019259 -0.24409568725477282 4.2085825050730055 -4.265047334903369 2.1288505858640248 4.421786455464204 -1.4474794474232606 -2.7829613537321354 2.878914108113366 0.47819126215923813 -0.22690828789203366 2.3486083193027287 0.8005579141102848 -3.308110401995877 2.514821290990179 -3.707822793079185 -2.0835360106312324 0.5743283239992734 -0.4956811965482517 -0.20044249209765752 4.995190628935296 -0.3739280979751509 -3.4998524923993 3.480360844232491 0.5 0.5 1.5
F2I 10 11 4 3 -2 15 8 14 18 14 8 2 13 15 15 13 4 8 2 -2 14 2 1 10 3 17 4 3 12 10 4 9 4 16 9 13 14 3 2 5 11 17 12 13 4 15 13 16 9 -1 3 9 11 13 -2 19 13 7 3 8 14 11 6 15 1 7 0 5 0 10 11 15 11 0 10 14 14 4
END
CASE
RES 0.2
PARAMS 30.0 30.0 14.0 0.3 -0.4 1.4 0.1 2.9 0.25 3.0
NOBST 3
OBSTPOS -0.8 0.6 1.2 1.0 -0.7 1.6 0.0 0.0 1.0
OBSTBBOX 0.25 0.25 0.3 0.4 0.2 0.5 0.15 0.35 0.2
NCLOUD 120
CLOUD 0.75782867213977 1.0582744418978751 2.0273006845829764 -0.550133062783027 1.8180212039800407 2.051530244622015 1.8171486790678513 -0.13643889035864243 0.5951209414854589 1.9875387850192179 -1.3788602579697407 2.6110523631201357 1.856947720066469 1.0512395531287355 2.278252880599402 -0.4495510365059232 1.507510448968838 1.573305662285711 -1.6553734030315752 -0.18329483785397382 1.9743536175871794 0.21188403486226104 -1.8477786364303146 1.7050464396430889 -1.5586685328498664 -1.5817768752870083 0.6148183302331316 1.551070854459606 -1.268937505793561 2.416900509921277 -1.1695666701928773 -1.775260108158243 0.419911335524803 1.4786056615328995 -0.3596243176586946 0.2951228906157566 -0.3260586914472827 -1.790741804259822 0.7210877637357607 -0.32160852792187944 1.528330814679535 1.5975908967800574 0.25100643292557434 0.9889453824735672 1.913693335134345 1.5416569077771554 -1.9964981016607086 2.7438576248883493 0.538496876047251 1.2726743024789138 0.5835161567547091 0.49284573420730826 -1.190628998318843 1.8556532220555557 0.8156852919996211 -0.1469885511335618 2.743206153793596 1.6822843728797356 0.7034478194550569 1.4312173235432446 -0.9128014746927655 1.7626567081552489 1.7805486869880909 -1.6093496259327318 -0.8941294550511727 0.4446523638018589 -1.0034879584017076 -0.952770842438917 1.7317913405234515 -1.1011446443286532 1.9703431237639633 1.0374836061731423 1.3943281626328012 -1.314217245151343 0.5899205075185582 -0.35021484170949346 1.1353256716370006 2.547913964576431 1.6895445512059974 0.5529208272988737 0.5347869646413672 0.4260693580028585 0.9667301565965887 2.5437686759261156 -0.5393628203572653 -0.6984517362852785 1.1836416309543065 1.4817566173700185 -0.1777629350985923 2.051890319254962 0.8177404743899013 -1.9858643181205724 0.21157340749456538 -0.3694910644756888 -1.609970420105665 2.77385346976178 -1.0980687309396076 -1.3234250597666346 0.2278753664290659 -0.09962887289527744 1.2451128315119218 1.2838807704108863 1.2988269099717344 -0.7429145190209248 2.221820444378683 1.8819451734180652 -1.0679111239482815 0.6196148801539803 -1.2475230445223242 1.3147482048405084 1.9749310413949763 1.7896653206930844 -0.18649534298907877 2.4860028425308465 -1.8843087296858387 1.1580785784624008 2.2258371241605603 -1.6664269738538393 1.8094253196590202 1.738559371205914 0.8037545009573015 1.0350681342028163 2.2322467218022752 1.1089610333873905 -1.0752954350462183 1.2493815768769159 1.4521502353193578 1.57195692820722 2.569858370306869 1.8518897420375509 -1.1552208260887769 2.4188294247208693 -1.580781275580549 -0.2972134067796892 1.3829360423355672 -0.08528041815814591 0.7806499550489034 1.885527075475661 1.5029057770362733 -1.3808294118460225 1.5996633854984355 -1.2892949977265182 1.680232281862509 1.0156880593624207 1.3208840363730308 -0.4767015943590467 2.2232137768279343 1.979203639590151 -0.3399798292823739 1.6447329218333488 -1.9783472100063912 -1.4716193008353913 1.4042672842269228 -1.431254310875031 -1.6022158486485911 1.93777763634689 -0.5899999356813237 -0.41480412527255917 1.5430931238786754 -1.9477324064695156 1.2320682968137593 2.199318571083248 1.09559820277561 0.3973138626264272 1.5311681757954663 1.4243076096581975 0.027224900158104415 2.7283062225925576 -1.1116100815322687 -1.097171385227934 0.3831903926365655 1.37983495116482 1.7840072767779724 1.39461754788675 -0.4138797479045553 -0.3149108223128043 0.2992951841612652 0.28056294522197645 0.15983957715345243 1.2421330053904198 -1.09471264979951 -1.4737538882126047 2.1986410457178365 -1.2856480285885308 -0.8749672095254906 2.461925003140454 -1.2348466976815344 -0.24040795828950223 2.447188216745935 -0.09153711185347957 0.28422923493885044 0.24644136810160017 -1.769404715536464 -0.5984791538553615 1.6813521679052164 1.9391525454882212 1.7792756873568414 1.3666583710974172 1.5532843685371245 1.7474316067996627 1.5051808178599746 0.3231555570897129 -0.13762092951139993 1.943953736531132 0.6520846322472909 1.0394156261925747 2.0232697579912413 -0.7645073243162201 -1.8320528808372951 2.5018761948152055 -0.3742352728982281 0.7153725719262565 2.621065791276183 -1.981149253113251 1.886883850857818 1.348737430856437 1.7126120691760915 1.0379397561226549 2.6069745705511576 0.6964714746391754 -0.3648774781526103 1.8526813059735363 -1.556154987507643 1.5175815446204663 0.49397057015720824 -1.3461150451141797 1.1518043692673596 0.550942982737701 -0.009608578612522845 -1.9254919393003567 1.6931161605338225 -1.5422716960535223 -0.36016549575364065 2.3786488935903276 0.6933950777704578 0.6747055450921566 2.4491449879540075 0.5461813369932735 -0.7125528264995067 2.3181829200991393 -0.2216998363064775 -0.7988075757057413 0.40890723680249963 0.9504575947260552 -1.522749443765155 0.8532232139777944 -1.215407296223081 -1.1598516259111329 2.225368212759593 -1.3133413054385246 1.554033808999403 1.6472409513907496 0.1235353250325546 0.6164555458054712 2.736704297875329 -1.9300924819610543 -0.9898811548689674 1.9325142500435601 0.6500166091184676 -0.1448346839068222 1.704717841980508 -0.09718284413377232 0.15797555862442847 0.6558241589586449 -1.7719163929008421 -1.8616456686695164 2.127534641205429 1.8160709038393112 -0.1806562792367119 1.2331318129465931 -1.3843721146247971 0.3272677516619922 2.5002471640317014 -0.008864253600513461 0.8066062504291822 2.7502479625863816 -1.6831240413605797 0.2578841038964401 2.048878854740682 -1.4777435396804743 0.8866123588779429 2.6280074185107165 -0.6279474219624182 -0.6977100775935856 2.2705119423595788 1.215267858416993 -1.1542896635843451 2.5863860880194087 -0.24977242443098202 0.510423382617057 1.4094343222345247 -0.8902970290930479 0.40667897040932743 1.0794761602085297 -0.8266888503678129 0.026903736652631238 0.7120051094265203 0.9974890440135566 1.074313202812783 0.5171995282964559 -0.6530163309016115 0.42886993824347686 1.736779971047288 1.6921400471863621 1.8049272272327617 0.6673355529870445 0.2073895338791214 -0.227085797619341 1.1988371992213438 -0.1339509392616134 0.8499585143823798 1.0951860052106612 -1.8589167688960364 1.219884549907749 0.5594113294557261 -0.6864284879893732 -1.9527792354579798 2.4162861440073002 -0.885078138048073 0.9645429144479927 2.3330630837629873 1.5093946261192435 -0.3608831383338065 0.6778061201170582 -0.27507952696506033 0.05001707756837215 1.215715169634629 -0.912990366364081 0.915261908767488 0.5389958388016021 -0.48719925371711703 0.5890647103025937 1.4140638193075892 -1.408066836675189 1.7486723429013655 0.3783664874836001 1.900070374676095 1.0538293070686606 1.199729414216584 -1.9337231742177474 -0.18593759486199746 2.465147052215195 -0.12720315660354897 0.8283637990280677 1.8978699130805317 1.4658482957080556 -0.2486232076128223 2.352967377689309 -1.4073159896232657 1.494090858947088 1.6604008637193748 0.013409319977500278 1.4749366017510317 2.3435976819610738 -1.8442001846491438 1.158107191849326 2.3917694316481937 -1.514022725823068 0.1570626448418544 1.7318778481943804
KBOOL 1 1 1 1 1 1 1 1 1
KINT 2 2 15 2
KFLOAT 0.2 1.0 0.5 0.15 2.0 0.1 0.5 0.5 1.0 5.0 1.0 0.5 5.0
PREDTIMES 0
PREDSAMP -1
DIM 37 37 13
ORIGIN -3.4000000000000004 -4.1000000000000005 0.19999999999999973
NCELL 132
CELLS 0 3 0 0 3 6 0 3 12 0 18 0 0 18 6 0 18 12 0 33 0 0 33 6 0 33 12 9 3 0 9 3 6 9 3 12 9 18 0 9 18 6 9 18 12 9 33 0 9 33 6 9 33 12 18 3 0 18 3 6 18 3 12 18 18 0 18 18 6 18 18 12 18 33 0 18 33 6 18 33 12 27 3 0 27 3 6 27 3 12 27 18 0 27 18 6 27 18 12 27 33 0 27 33 6 27 33 12 36 3 0 36 3 6 36 3 12 36 18 0 36 18 6 36 18 12 36 33 0 36 33 6 36 33 12 25 14 1 21 30 6 12 27 12 29 19 7 18 25 7 35 9 12 16 10 3 18 26 0 0 32 10 8 22 12 14 1 5 31 11 0 2 9 7 10 17 7 19 5 1 31 3 3 19 32 1 23 7 8 4 12 3 22 14 11 30 5 8 11 5 6 12 16 6 20 15 1 33 7 10 21 11 11 20 16 2 8 17 12 21 9 12 14 9 6 20 34 9 21 15 9 18 0 6 31 9 6 7 25 3 16 31 2 15 25 4 12 32 4 0 21 0 34 18 10 24 7 4 10 23 6 10 23 10 32 11 5 18 9 7 26 32 12 35 17 9 2 34 8 26 11 3 24 32 4 23 28 0 32 30 4 26 14 4 31 36 9 15 19 2 5 8 12 31 31 10 14 33 9 34 3 10 19 17 8 11 21 5 11 23 5 11 25 5 13 21 5 13 23 5 13 25 5 15 21 5 15 23 5 15 25 5 20 15 7 20 17 7 20 19 7 22 15 7 22 17 7 22 19 7 24 15 7 24 17 7 24 19 7 15 18 4 15 20 4 15 22 4 17 18 4 17 20 4 17 22 4 19 18 4 19 20 4 19 22 4
OCC -1 -1 -1 -1 -1 -1 -1 -1 -1 -1 -1 -1 100 100 100 -1 -1 -1 -1 -1 -1 100 100 100 -1 -1 -1 -1 -1 -1 100 100 100 -1 -1 -1 -1 -1 -1 -1 -1 -1 -1 -1 -1 100 100 100 100 100 -1 100 100 -1 100 100 -1 -1 100 -1 -1 -1 -1 -1 100 -1 -1 100 100 -1 100 100 100 100 100 -1 100 100 -1 100 100 100 -1 -1 -1 -1 100 100 -1 100 -1 -1 -1 100 -1 100 -1 100 100 100 -1 -1 -1 -1 100 100 100 100 100 100 100 100 100 100 100 100 100 100 100 100 100 100 100 100 100 100 100 100 100 100 100 100
HEAT 0.03999999910593033 0.03999999910593033 0.03999999910593033 0.0 0.0 0.0 0.03999999910593033 0.03999999910593033 0.03999999910593033 0.03999999910593033 0.03999999910593033 0.03999999910593033 0.009630746208131313 0.025770997628569603 0.0 0.03999999910593033 0.03999999910593033 0.03999999910593033 0.03999999910593033 0.03999999910593033 0.03999999910593033 0.08169478923082352 0.1308985948562622 0.03612688556313515 0.03999999910593033 0.03999999910593033 0.03999999910593033 0.03999999910593033 0.03999999910593033 0.03999999910593033 0.008123035542666912 0.044895708560943604 0.016066763550043106 0.03999999910593033 0.03999999910593033 0.03999999910593033 0.03999999910593033 0.03999999910593033 0.03999999910593033 0.0 0.0 0.0 0.03999999910593033 0.03999999910593033 0.03999999910593033 0.03071579337120056 0.36000001430511475 0.0014533392386510968 0.009925572201609612 0.028326483443379402 0.0 0.0022098992485553026 0.015491889789700508 0.0 0.0006157844909466803 0.36000001430511475 0.0 0.0 0.015469410456717014 0.0 0.03999999910593033 0.0 0.0 0.0 0.06882289797067642 0.0 0.0 0.022786928340792656 0.050310663878917694 0.0 0.020284006372094154 0.09074226021766663 0.0 0.0008216311107389629 0.0 0.36000001430511475 0.2741713225841522 0.36000001430511475 0.0 0.0287801381200552 6.033269892213866e-05 0.15062224864959717 0.0 0.0 0.0 0.0 0.18803930282592773 0.029033593833446503 0.0 0.004530673380941153 0.0 0.0 0.36000001430511475 0.01316805649548769 0.03999999910593033 0.09435935318470001 0.0 0.05527593940496445 0.36000001430511475 0.2966284453868866 0.0 0.0 0.03999999910593033 0.03999999910593033 0.2962428033351898 0.26283231377601624 0.5823255181312561 0.26283231377601624 0.34138888120651245 1.2000000476837158 0.34138888120651245 0.2966284453868866 0.2113230973482132 0.15062224864959717 0.45772799849510193 0.8177959322929382 0.18643733859062195 0.516897976398468 1.2000000476837158 0.1952444463968277 0.22874750196933746 0.3022788465023041 0.1391778141260147 0.2741515040397644 0.45237746834754944 0.2741515040397644 0.4490528702735901 1.0965744256973267 0.4490528702735901 0.1696351319551468 0.1748092770576477 0.1441025584936142
NRT 25
RTCELLS 0 3 0 0 3 6 0 3 12 0 18 0 0 18 6 0 18 12 0 33 0 0 33 6 0 33 12 9 3 0 9 3 6 9 3 12 9 18 0 9 18 6 9 18 12 9 33 0 9 33 6 9 33 12 18 3 0 18 3 6 18 3 12 18 18 0 18 18 6 18 18 12 18 33 0
I2F -3.3000000000000003 -3.4000000000000004 0.2999999999999997 -3.3000000000000003 -3.4000000000000004 1.4999999999999998 -3.3000000000000003 -3.4000000000000004 2.6999999999999997 -3.3000000000000003 -0.40000000000000036 0.2999999999999997 -3.3000000000000003 -0.40000000000000036 1.4999999999999998 -3.3000000000000003 -0.40000000000000036 2.6999999999999997 -3.3000000000000003 2.5999999999999996 0.2999999999999997 -3.3000000000000003 2.5999999999999996 1.4999999999999998 -3.3000000000000003 2.5999999999999996 2.6999999999999997 -1.5000000000000002 -3.4000000000000004 0.2999999999999997 -1.5000000000000002 -3.4000000000000004 1.4999999999999998 -1.5000000000000002 -3.4000000000000004 2.6999999999999997 -1.5000000000000002 -0.40000000000000036 0.2999999999999997 -1.5000000000000002 -0.40000000000000036 1.4999999999999998 -1.5000000000000002 -0.40000000000000036 2.6999999999999997 -1.5000000000000002 2.5999999999999996 0.2999999999999997 -1.5000000000000002 2.5999999999999996 1.4999999999999998 -1.5000000000000002 2.5999999999999996 2.6999999999999997 0.2999999999999998 -3.4000000000000004 0.2999999999999997 0.2999999999999998 -3.4000000000000004 1.4999999999999998 0.2999999999999998 -3.4000000000000004 2.6999999999999997 0.2999999999999998 -0.40000000000000036 0.2999999999999997 0.2999999999999998 -0.40000000000000036 1.4999999999999998 0.2999999999999998 -0.40000000000000036 2.6999999999999997 0.2999999999999998 2.5999999999999996 0.2999999999999997
NF2I 28
RTPOINTS -0.1910000540011083 -0.825824810030205 2.998562117859299 1.4215108841613184 -0.22695764200519708 2.5405079087111444 -2.5148816320134686 -3.7283881674876462 4.228428867468741 -0.34959486233116177 -0.06315887977996804 3.572633487688277 -2.8758855981667892 -0.41746206634963023 3.462536083896282 1.3548673150647614 -4.867893042687704 1.129863166598126 -3.3732349105061203 0.5172138860150275 3.7550960060913616 -1.029746754051636 -0.03413665270774402 4.108198275977593 -1.3458085294791493 -0.637023804982439 2.9883827636727105 0.7062014291161729 -3.4267676137491963 4.115253454972269 0.4792767915864018 -2.0195893290057136 4.075400262708559 1.6227130317117489 -1.7580529380004957 1.749466372664167 0.13048719487541938 0.9799085641912058 5.106756338812341 -2.358053887083809 -1.1108583288128608 2.2628187646981086 -2.0965247976954346 1.009700209971642 2.000863520454952 -0.02957323556141711 -1.5629895575907566 1.814505323869427 0.5848599582348086 0.9863021839286521 1.979095025938453 -2.9928602425374464 0.5163379954869463 4.258673581259528 -0.9330596998093665 0.9672317752554713 4.4404853634443615 -1.6439123442830164 -1.1789687739887835 0.30960783716976004 -3.282046898527997 0.3123045509781157 1.943380962769282 0.6483577159458624 0.44068353910075153 3.4672675414258607 0.8463867560262912 -0.41116789230651785 2.7368781620355564 0.17237938898121508 -2.7451994889574705 3.6796991944478425 -0.5281084101215758 -0.5757260512827069 3.353542843421863 -0.8 0.6 1.2 1.0 -0.7 1.6 0.0 0.0 1.0
F2I 16 16 13 24 19 11 4 1 20 15 20 16 2 18 16 23 -4 4 0 23 17 11 20 19 10 17 13 20 3 19 19 10 19 25 11 7 17 25 24 5 14 10 6 25 9 16 12 8 19 25 8 2 23 20 12 25 21 8 14 0 0 22 8 20 22 16 21 18 12 17 6 17 14 17 15 13 23 5 22 17 7 17 20 4
END
CASE
RES 0.25
PARAMS 24.0 24.0 10.0 1.0 1.0 1.2 0.0 2.5 0.2 1.5
NOBST 2
OBSTPOS 1.2 0.8 1.2 0.5 1.3 1.1
OBSTBBOX 0.3 0.3 0.4 0.2 0.2 0.3
NCLOUD 0
CLOUD
KBOOL 1 1 1 0 1 1 1 1 1
KINT 2 2 15 3
KFLOAT 0.2 1.0 0.5 0.0 2.0 0.1 0.5 0.5 2.0 8.0 1.5 1.0 5.0
PREDTIMES 0
PREDSAMP -1
DIM 28 28 9
ORIGIN -2.5 -2.5 0.19999999999999996
NCELL 123
CELLS 0 2 0 0 2 4 0 2 8 0 14 0 0 14 4 0 14 8 0 25 0 0 25 4 0 25 8 7 2 0 7 2 4 7 2 8 7 14 0 7 14 4 7 14 8 7 25 0 7 25 4 7 25 8 14 2 0 14 2 4 14 2 8 14 14 0 14 14 4 14 14 8 14 25 0 14 25 4 14 25 8 21 2 0 21 2 4 21 2 8 21 14 0 21 14 4 21 14 8 21 25 0 21 25 4 21 25 8 27 2 0 27 2 4 27 2 8 27 14 0 27 14 4 27 14 8 27 25 0 27 25 4 27 25 8 15 0 2 25 4 1 12 15 2 13 1 5 3 3 7 23 14 3 7 16 3 3 14 3 5 22 7 20 4 6 4 16 0 3 2 2 8 21 7 18 27 3 13 2 7 12 19 3 13 26 6 4 27 5 17 7 8 26 13 4 8 4 2 22 22 0 3 18 3 18 13 7 23 0 4 13 3 0 8 23 1 27 26 6 3 27 3 9 19 3 20 17 6 21 7 5 12 22 0 13 24 3 7 19 8 14 21 0 13 0 2 4 20 2 8 11 1 5 23 3 24 1 5 4 0 7 10 2 0 10 18 7 4 0 1 0 11 2 11 18 6 15 22 3 10 4 6 3 2 1 14 1 5 10 25 3 26 20 7 17 27 4 13 11 2 27 3 3 7 13 3 22 6 2 14 27 3 13 12 4 12 11 4 12 13 4 12 15 4 14 11 4 14 13 4 14 15 4 16 11 4 16 13 4 16 15 4 10 13 3 10 15 3 10 17 3 12 13 3 12 15 3 12 17 3 14 13 3 14 15 3 14 17 3
OCC -1 -1 -1 -1 -1 -1 -1 -1 -1 -1 -1 -1 -1 -1 -1 -1 -1 -1 -1 -1 -1 -1 100 -1 -1 -1 -1 -1 -1 -1 -1 -1 -1 -1 -1 -1 -1 -1 -1 -1 -1 -1 -1 -1 -1 100 -1 100 -1 -1 -1 -1 -1 -1 -1 -1 -1 -1 100 -1 -1 -1 100 -1 -1 -1 -1 -1 -1 100 -1 -1 -1 100 -1 -1 -1 -1 -1 -1 -1 100 -1 -1 -1 -1 100 -1 -1 100 -1 -1 -1 -1 -1 -1 -1 -1 100 100 -1 -1 -1 100 100 -1 -1 100 100 100 -1 100 100 -1 -1 100 -1 -1 100 -1 100 -1 -1
HEAT 0.25 0.25 0.25 0.0 0.0 0.0 0.25 0.25 0.25 0.25 0.25 0.25 0.0 0.0 0.0 0.25 0.25 0.25 0.25 0.25 0.25 0.014149376191198826 0.555602490901947 1.6357571439584717e-05 0.25 0.25 0.25 0.25 0.25 0.25 0.0 0.0 0.0 0.25 0.25 0.25 0.25 0.25 0.25 0.0 0.0 0.0 0.25 0.25 0.25 0.84375 0.0 0.7024546265602112 0.84375 0.03125 0.0 0.0 0.0 0.0 0.0 0.0 0.25 0.0 0.84375 0.25 0.0 0.84375 0.84375 0.0 0.0 0.0 0.0 0.0 0.0 0.84375 0.03125 0.0 0.84375 0.84375 0.0 0.0 0.0 0.0 0.03125 0.0 0.0 0.84375 0.0 0.0 0.0 0.84375 0.84375 0.25 0.0 0.84375 0.0 0.0 0.0 0.0 0.25 0.84375 0.25 0.0 0.84375 0.1421923041343689 0.03125 0.0 0.0 0.84375 0.5503861308097839 0.04364505410194397 0.18855810165405273 0.8751790523529053 0.30346953868865967 1.2000000476837158 0.08358033001422882 0.11913204193115234 0.30346953868865967 0.04364505410194397 0.07759904861450195 0.2989506125450134 0.030443845316767693 0.20252291858196259 1.091543197631836 0.04683113098144531 1.2000000476837158 0.08358033001422882 0.009103159420192242
NRT 25
RTCELLS 0 2 0 0 2 4 0 2 8 0 14 0 0 14 4 0 14 8 0 25 0 0 25 4 0 25 8 7 2 0 7 2 4 7 2 8 7 14 0 7 14 4 7 14 8 7 25 0 7 25 4 7 25 8 14 2 0 14 2 4 14 2 8 14 14 0 14 14 4 14 14 8 14 25 0
I2F -2.375 -1.875 0.32499999999999996 -2.375 -1.875 1.325 -2.375 -1.875 2.325 -2.375 1.125 0.32499999999999996 -2.375 1.125 1.325 -2.375 1.125 2.325 -2.375 3.875 0.32499999999999996 -2.375 3.875 1.325 -2.375 3.875 2.325 -0.625 -1.875 0.32499999999999996 -0.625 -1.875 1.325 -0.625 -1.875 2.325 -0.625 1.125 0.32499999999999996 -0.625 1.125 1.325 -0.625 1.125 2.325 -0.625 3.875 0.32499999999999996 -0.625 3.875 1.325 -0.625 3.875 2.325 1.125 -1.875 0.32499999999999996 1.125 -1.875 1.325 1.125 -1.875 2.325 1.125 1.125 0.32499999999999996 1.125 1.125 1.325 1.125 1.125 2.325 1.125 3.875 0.32499999999999996
NF2I 27
RTPOINTS -1.3613266726431155 -0.582853055292478 -0.35831445681291196 1.8787645575588225 -0.14677160747079965 3.128366788620192 1.1817798462433609 -0.3141366072191527 4.420924612911829 -1.6897598348318803 1.753976997886205 0.7423839247300542 0.255585901133383 1.927186221664666 0.35382432910491424 -2.007022466054847 -1.1496281929119232 4.672572031533677 -0.24413140302525216 3.363368051345663 0.9332159557164852 -1.0441128428917184 1.6876383850948709 1.0653108801077513 0.5053906190569557 2.1378651958299604 -0.4925180807325348 -1.9527525665160497 -1.744659355477344 5.463082456061969 -0.19896939386948898 -0.6184799665327838 3.164535714419296 -2.5479114758765 1.171926207510571 3.423766679563969 2.9996686280028637 -3.0609067431392116 2.653455168063349 0.9990699091001378 1.432770774956865 5.473137147088133 -1.4099733554441112 -1.2831755139874237 3.2791021367332016 1.3298540828694128 2.703323387918764 2.82751086039643 -2.071534767705898 0.8271437027083075 0.2102974240351354 -2.512808897829957 2.640335121384746 1.3276515274895737 -0.23044352371938004 -0.4820392957573185 0.7712769019337007 1.1460114026275043 0.5350997919024629 2.1914108335897113 0.9358713702748935 1.911571166620269 0.7415327332308488 0.15341263599687194 -2.493819418727069 3.3177673271369468 -2.1608161681020763 -1.0551968513901788 3.1275416499441766 -0.2756381810892683 0.3003916777085909 4.480935631973244 0.9255171159579558 -0.9971525478369845 5.791972585542623 1.2 0.8 1.2 0.5 1.3 1.1
F2I 4 7 -3 17 9 11 14 8 16 3 17 2 11 17 0 1 5 17 9 23 2 5 16 3 12 18 -3 2 3 21 9 7 11 -1 14 12 21 -3 9 13 15 21 4 4 12 15 20 10 1 13 0 -1 20 4 9 8 2 14 12 7 13 17 2 10 0 12 1 5 11 8 11 17 13 6 22 14 13 4 12 15 3
END
CASE
RES 0.3
PARAMS 18.0 18.0 8.0 0.0 0.0 1.0 0.0 2.0 0.3 2.0
NOBST 1
OBSTPOS 0.3 -0.3 1.0
OBSTBBOX 0.4 0.4 0.5
NCLOUD 0
CLOUD
KBOOL 1 0 1 0 1 0 1 0 1
KINT 2 2 15 2
KFLOAT 0.2 1.0 0.5 0.0 2.0 0.1 0.5 0.5 1.0 5.0 1.0 0.5 5.0
PREDTIMES 0
PREDSAMP -1
DIM 23 23 6
ORIGIN -3.4499999999999997 -3.4499999999999997 0.10000000000000009
NCELL 112
CELLS 0 2 0 0 2 3 0 2 5 0 11 0 0 11 3 0 11 5 0 20 0 0 20 3 0 20 5 5 2 0 5 2 3 5 2 5 5 11 0 5 11 3 5 11 5 5 20 0 5 20 3 5 20 5 11 2 0 11 2 3 11 2 5 11 11 0 11 11 3 11 11 5 11 20 0 11 20 3 11 20 5 17 2 0 17 2 3 17 2 5 17 11 0 17 11 3 17 11 5 17 20 0 17 20 3 17 20 5 22 2 0 22 2 3 22 2 5 22 11 0 22 11 3 22 11 5 22 20 0 22 20 3 22 20 5 8 0 1 15 4 1 13 3 3 5 4 0 16 15 2 6 2 2 7 4 1 5 19 5 4 21 0 14 6 5 15 2 0 19 21 2 4 6 5 14 18 3 16 14 5 21 11 4 15 7 2 3 7 1 16 8 3 16 6 4 6 10 5 16 4 5 19 21 4 5 7 1 21 18 1 1 14 5 8 16 1 21 8 1 3 19 4 20 5 4 3 3 3 4 2 5 21 22 1 17 20 2 16 12 2 19 13 1 12 9 0 8 11 1 10 3 5 14 16 5 2 11 5 14 13 2 18 20 5 15 15 5 20 10 3 5 21 1 20 10 2 9 10 0 21 15 2 17 13 5 12 12 2 6 5 0 2 0 4 4 7 0 1 1 5 0 6 4 0 16 2 16 19 1 10 8 3 10 10 3 10 12 3 12 8 3 12 10 3 12 12 3 14 8 3 14 10 3 14 12 3
OCC -1 -1 -1 -1 -1 -1 -1 -1 -1 -1 -1 -1 -1 -1 -1 -1 -1 -1 -1 -1 -1 -1 100 -1 -1 -1 -1 -1 -1 -1 -1 -1 -1 -1 -1 -1 -1 -1 -1 -1 -1 -1 -1 -1 -1 100 -1 -1 -1 -1 -1 -1 -1 -1 -1 -1 -1 -1 -1 -1 -1 -1 -1 -1 -1 -1 -1 -1 -1 -1 -1 -1 -1 -1 -1 -1 -1 100 -1 -1 -1 -1 -1 -1 -1 -1 -1 -1 -1 -1 -1 -1 -1 -1 -1 100 -1 100 -1 -1 -1 -1 -1 100 100 100 100 100 100 100 100 100
HEAT 0.0 0.0 0.0 0.0 0.0 0.0 0.0 0.0 0.0 0.0 0.0 0.0 0.0 0.0 0.0 0.0 0.0 0.0 0.0 0.0 0.0 0.1599999964237213 0.1599999964237213 0.1599999964237213 0.0 0.0 0.0 0.0 0.0 0.0 0.0 0.0 0.0 0.0 0.0 0.0 0.0 0.0 0.0 0.0 0.0 0.0 0.0 0.0 0.0 0.1599999964237213 0.0 0.0 0.0 0.0 0.0 0.0 0.0 0.1599999964237213 0.0 0.0 0.1599999964237213 0.0 0.0 0.0 0.0 0.022943725809454918 0.0 0.0 0.0 0.0 0.0 0.1599999964237213 0.0 0.0 0.0 0.0 0.0 0.0 0.0 0.0 0.0 0.1599999964237213 0.0 0.0 0.0 0.1599999964237213 0.0 0.0 0.0 0.0 0.1599999964237213 0.0 0.0 0.0 0.1599999964237213 0.0 0.022943725809454918 0.0 0.0 0.1599999964237213 0.0 0.1599999964237213 0.0 0.1599999964237213 0.0 0.0 0.0 0.1599999964237213 0.1599999964237213 0.1599999964237213 0.1599999964237213 0.1599999964237213 0.1599999964237213 0.1599999964237213 0.1599999964237213 0.1599999964237213
NRT 25
RTCELLS 0 2 0 0 2 3 0 2 5 0 11 0 0 11 3 0 11 5 0 20 0 0 20 3 0 20 5 5 2 0 5 2 3 5 2 5 5 11 0 5 11 3 5 11 5 5 20 0 5 20 3 5 20 5 11 2 0 11 2 3 11 2 5 11 11 0 11 11 3 11 11 5 11 20 0
I2F -3.3 -2.6999999999999997 0.2500000000000001 -3.3 -2.6999999999999997 1.1500000000000001 -3.3 -2.6999999999999997 1.75 -3.3 0.0 0.2500000000000001 -3.3 0.0 1.1500000000000001 -3.3 0.0 1.75 -3.3 2.6999999999999997 0.2500000000000001 -3.3 2.6999999999999997 1.1500000000000001 -3.3 2.6999999999999997 1.75 -1.7999999999999998 -2.6999999999999997 0.2500000000000001 -1.7999999999999998 -2.6999999999999997 1.1500000000000001 -1.7999999999999998 -2.6999999999999997 1.75 -1.7999999999999998 0.0 0.2500000000000001 -1.7999999999999998 0.0 1.1500000000000001 -1.7999999999999998 0.0 1.75 -1.7999999999999998 2.6999999999999997 0.2500000000000001 -1.7999999999999998 2.6999999999999997 1.1500000000000001 -1.7999999999999998 2.6999999999999997 1.75 0.0 -2.6999999999999997 0.2500000000000001 0.0 -2.6999999999999997 1.1500000000000001 0.0 -2.6999999999999997 1.75 0.0 0.0 0.2500000000000001 0.0 0.0 1.1500000000000001 0.0 0.0 1.75 0.0 2.6999999999999997 0.2500000000000001
NF2I 26
RTPOINTS 0.7373472275432604 0.39113211625215616 2.511559943547816 0.7328684913950849 2.072761812949837 2.145195475794181 -1.4430090211067266 -2.566536996658855 5.671384295595783 -2.2122149018874198 0.7665499175256612 1.3691887441779418 -2.1942699762868965 0.8487440143765932 4.365718632584152 -2.0290645553542452 -2.4573844819733277 0.9381262545845921 0.7625913581123904 -0.23831486370133348 5.354634448870129 -0.6582353504868368 -0.6085871046248172 3.4377575496087207 -2.3569709002943973 -2.328989292586086 3.1368985475245674 -1.10191647151722 -0.4123941349043223 2.153632109508952 1.9637833469692922 1.535958192176476 5.167007894967311 1.3013814240858608 -3.1856446413456387 4.1754030230700465 -2.5349605101744705 -0.7785817019293626 4.3122377338771 -0.32653822613849925 -0.36608684097020516 0.7427989271466191 -3.0087098988695637 -0.17709562192005945 3.1601140265369763 0.9304129533777585 -1.5203878269071713 4.068205607029609 -2.2114318948871228 -2.888082435699111 1.1881771391743756 -1.559572004384159 -3.5254568505966355 2.097592368889161 -0.311669663606021 -1.7505746111854243 2.6537995479533896 -2.7906524333756724 -1.4809397416140229 2.7585580517158252 -2.8206634093697565 -0.01064161532703789 -0.17098182740164258 -1.5991811971337737 -2.7987669918643725 2.1747102290904605 0.1642588819006261 -3.3911387875034498 1.0305349947497773 -1.4555240437124173 -1.103108653465917 5.82357767994697 1.033491065132841 -1.5453463079135137 0.29557052056843747 0.3 -0.3 1.0
F2I 13 12 8 13 18 6 6 2 18 4 14 4 4 14 14 4 3 2 14 10 17 9 9 11 3 3 10 7 10 6 18 16 16 15 0 13 3 8 14 10 10 2 1 10 10 14 6 13 4 1 3 6 -1 6 10 5 8 2 6 8 2 11 -1 6 2 6 12 0 3 6 7 19 14 6 0 12 10 3
END
CASE
RES 0.2
PARAMS 26.0 26.0 12.0 -0.5 0.5 1.3 0.0 2.6 0.2 4.0
NOBST 2
OBSTPOS -0.5 0.5 1.3 0.4 -0.2 1.1
OBSTBBOX 0.2 0.3 0.25 0.3 0.3 0.3
NCLOUD 0
CLOUD
KBOOL 1 1 1 0 0 1 1 1 0
KINT 3 1 25 2
KFLOAT 0.5 1.5 0.5 0.0 3.0 0.1 0.7 0.8 1.0 5.0 1.0 0.5 5.0
PREDTIMES 0
PREDSAMP -1
DIM 31 31 12
ORIGIN -3.6 -2.6 0.09999999999999987
NCELL 122
CELLS 0 3 0 0 3 6 0 3 11 0 15 0 0 15 6 0 15 11 0 27 0 0 27 6 0 27 11 7 3 0 7 3 6 7 3 11 7 15 0 7 15 6 7 15 11 7 27 0 7 27 6 7 27 11 15 3 0 15 3 6 15 3 11 15 15 0 15 15 6 15 15 11 15 27 0 15 27 6 15 27 11 23 3 0 23 3 6 23 3 11 23 15 0 23 15 6 23 15 11 23 27 0 23 27 6 23 27 11 30 3 0 30 3 6 30 3 11 30 15 0 30 15 6 30 15 11 30 27 0 30 27 6 30 27 11 21 13 6 20 14 10 9 22 1 3 28 0 25 5 6 9 26 10 21 8 1 15 26 2 24 8 3 24 1 7 5 3 0 10 5 5 21 7 7 13 3 8 19 24 1 19 22 6 10 20 5 15 16 0 7 16 2 19 10 1 1 26 11 7 6 4 8 3 6 21 4 6 7 26 11 21 23 7 19 26 1 10 29 5 16 29 0 0 24 5 24 27 3 0 15 7 27 19 7 14 0 4 12 30 7 29 20 1 12 25 5 9 19 4 12 20 4 18 1 9 21 27 6 7 0 8 15 14 6 24 22 1 28 30 5 14 4 11 3 29 11 17 13 8 17 19 7 4 27 5 28 16 3 13 24 5 7 8 5 21 3 9 7 24 5 21 6 11 8 22 11 6 19 9 2 24 11 22 20 10 13 13 6 13 15 6 13 17 6 15 13 6 15 17 6 17 13 6 17 15 6 17 17 6 18 9 5 18 11 5 18 13 5 20 9 5 20 11 5 20 13 5 22 9 5 22 11 5 22 13 5
OCC -1 -1 -1 -1 -1 -1 -1 -1 -1 -1 -1 -1 -1 -1 -1 -1 -1 -1 -1 -1 -1 -1 100 -1 -1 -1 -1 -1 -1 -1 -1 -1 -1 -1 -1 -1 -1 -1 -1 -1 -1 -1 -1 -1 -1 100 -1 -1 -1 -1 -1 -1 -1 -1 -1 -1 -1 -1 -1 -1 -1 -1 -1 -1 -1 -1 -1 -1 -1 -1 -1 -1 -1 -1 -1 -1 -1 -1 100 100 -1 -1 -1 -1 -1 -1 100 100 -1 100 -1 -1 -1 -1 -1 -1 -1 -1 -1 -1 -1 -1 -1 -1 -1 100 100 100 100 100 100 100 100 -1 100 100 -1 100 100 -1 -1 -1
HEAT 0.0 0.0 0.0 0.0003259957011323422 0.0012119177263230085 0.0003259957011323422 0.0 0.0 0.0 0.0014292510459199548 0.0035826421808451414 0.0014292510459199548 0.05058480054140091 0.08420749753713608 0.05058480054140091 0.0014292510459199548 0.0035826421808451414 0.0014292510459199548 0.04240468516945839 0.056706883013248444 0.027850063517689705 0.17816665768623352 0.0 0.17816665768623352 0.009625463746488094 0.01770164631307125 0.009625463746488094 0.04879860579967499 0.06516601145267487 0.03222525119781494 0.15546080470085144 0.22256727516651154 0.10039310902357101 0.0014292510459199548 0.0035826421808451414 0.0014292510459199548 0.0055784317664802074 0.008298086933791637 0.002965178806334734 0.0223869476467371 0.030475616455078125 0.014126019552350044 0.0 0.0 0.0 0.0 0.1698765605688095 0.04609892517328262 0.0 0.08432137221097946 0.009625463746488094 0.22256727516651154 0.024202559143304825 0.1856803596019745 0.024847015738487244 0.00020257224969100207 0.028729280456900597 0.21002450585365295 0.03222525119781494 0.036281365901231766 0.0937424823641777 0.12530061602592468 0.1778784692287445 0.07039965689182281 0.5640957355499268 0.0 0.01834823191165924 0.005643170792609453 0.10377421975135803 0.0033117688726633787 0.046850983053445816 0.015365983359515667 0.0022289131302386522 0.0019196189241483808 3.2430879315370476e-08 0.0017144220182672143 0.0011697933077812195 0.03720180690288544 0.0 0.0 0.011346513405442238 0.03918687626719475 0.11632586270570755 0.17225557565689087 0.026311438530683517 0.008038640953600407 0.0 0.0 0.0223869476467371 0.0 0.03186836466193199 0.0 0.6344812512397766 0.23728413879871368 0.0002683949132915586 0.056706883013248444 0.062270693480968475 0.03629383444786072 0.056706883013248444 0.018689339980483055 0.08432137221097946 0.029208742082118988 0.039820000529289246 0.00010623782145557925 0.05593439191579819 0.0 0.0 0.0 0.0 0.0 0.0 0.0 0.0 1.0321682691574097 0.0 0.0 1.1090867519378662 0.0 0.0 0.748843252658844 1.1090867519378662 1.0321682691574097
NRT 25
RTCELLS 0 3 0 0 3 6 0 3 11 0 15 0 0 15 6 0 15 11 0 27 0 0 27 6 0 27 11 7 3 0 7 3 6 7 3 11 7 15 0 7 15 6 7 15 11 7 27 0 7 27 6 7 27 11 15 3 0 15 3 6 15 3 11 15 15 0 15 15 6 15 15 11 15 27 0
I2F -3.5 -1.9 0.19999999999999987 -3.5 -1.9 1.4 -3.5 -1.9 2.4000000000000004 -3.5 0.5 0.19999999999999987 -3.5 0.5 1.4 -3.5 0.5 2.4000000000000004 -3.5 2.9 0.19999999999999987 -3.5 2.9 1.4 -3.5 2.9 2.4000000000000004 -2.1 -1.9 0.19999999999999987 -2.1 -1.9 1.4 -2.1 -1.9 2.4000000000000004 -2.1 0.5 0.19999999999999987 -2.1 0.5 1.4 -2.1 0.5 2.4000000000000004 -2.1 2.9 0.19999999999999987 -2.1 2.9 1.4 -2.1 2.9 2.4000000000000004 -0.5 -1.9 0.19999999999999987 -0.5 -1.9 1.4 -0.5 -1.9 2.4000000000000004 -0.5 0.5 0.19999999999999987 -0.5 0.5 1.4 -0.5 0.5 2.4000000000000004 -0.5 2.9 0.19999999999999987
NF2I 27
RTPOINTS -1.2211452435164825 -0.18644198362274178 1.9262640724977476 -0.40001022679416165 0.026644002162605762 4.431644083193708 -1.020988535275066 0.6979124873511358 2.7833904882372833 -2.6021187959032153 1.1689206034613338 2.733293421915615 0.5615879393913712 -1.0061423850563322 0.019748074884971434 0.3043752410897964 -0.921428885928067 0.5102903568282897 0.12228334820457132 1.9397059148888212 3.4332070047717016 0.05179152038689416 1.8794688936333368 4.486588210113081 -0.9623200876282292 -2.061163980272929 1.5773551041980962 -2.9681717615639154 0.14965158046239946 1.4917689721859806 0.6634122521359043 -1.4430312600025603 5.070349178462482 -2.892277152661416 -1.6048571839894024 2.1240486375313052 -0.7291921088185225 1.759469477668246 5.035011877890893 -0.6344391866221732 1.5367227623381616 4.960102816904463 0.17924823086165764 0.3478442286179586 2.150631256762592 -1.1593400746323494 2.755835496266133 5.084131767385474 -1.200209600703038 -2.077864038948622 5.1793817697309015 -0.6873361793650576 -0.3358371510900193 -0.04635710737012466 -2.137017139638882 0.8993086543031881 2.663947528792793 -2.6614250340949828 0.08361036221857998 1.9396087201591947 -2.7988467328762607 1.6635692190754947 0.18505775960466964 -3.2668576168076395 -1.5536316942860786 2.44068651693662 -0.34663547973821274 1.5195279915776307 1.2892615715123672 -0.7840907644782367 -2.6454961937185915 1.857084492875747 2.0341492035931585 -0.6756596618595327 4.203935015470471 -0.5 0.5 1.3 0.4 -0.2 1.1
F2I 11 12 9 15 13 21 12 16 13 4 18 13 20 7 -1 19 8 2 18 22 16 18 22 21 13 2 7 3 13 6 21 5 24 3 4 10 14 21 24 14 20 24 18 14 10 12 26 24 11 2 25 14 11 -1 7 17 12 4 13 9 4 21 0 1 5 11 16 20 5 14 -1 8 28 9 20 15 15 6 20 11 5
END
CASE
RES 0.25
PARAMS 22.0 22.0 10.0 0.0 0.2 1.3 0.0 2.6 0.25 2.0
NOBST 2
OBSTPOS -0.6 0.0 1.2 0.7 0.5 1.3
OBSTBBOX 0.25 0.25 0.3 0.2 0.3 0.25
NCLOUD 0
CLOUD
KBOOL 1 1 1 0 1 1 1 1 1
KINT 2 2 15 2
KFLOAT 0.2 1.0 0.4 0.2 2.0 0.1 0.5 0.5 1.0 5.0 1.0 0.5 5.0
PREDTIMES 5 0.0 0.5 1.0 1.5 2.0
PREDSAMP 2 5 5 -0.6 0.0 1.2 -0.44999999999999996 0.05 1.2 -0.3 0.1 1.2 -0.15000000000000002 0.15000000000000002 1.2 0.0 0.2 1.2 0.7 0.5 1.3 0.6 0.575 1.3 0.49999999999999994 0.65 1.3 0.3999999999999999 0.725 1.3 0.29999999999999993 0.8 1.3
DIM 27 27 10
ORIGIN -3.375 -3.175 0.050000000000000044
NCELL 122
CELLS 0 2 0 0 2 5 0 2 9 0 13 0 0 13 5 0 13 9 0 24 0 0 24 5 0 24 9 6 2 0 6 2 5 6 2 9 6 13 0 6 13 5 6 13 9 6 24 0 6 24 5 6 24 9 13 2 0 13 2 5 13 2 9 13 13 0 13 13 5 13 13 9 13 24 0 13 24 5 13 24 9 20 2 0 20 2 5 20 2 9 20 13 0 20 13 5 20 13 9 20 24 0 20 24 5 20 24 9 26 2 0 26 2 5 26 2 9 26 13 0 26 13 5 26 13 9 26 24 0 26 24 5 26 24 9 15 25 7 1 5 5 13 9 2 23 4 9 6 7 1 8 2 2 15 20 0 24 23 5 8 25 3 25 21 7 17 12 1 26 14 1 18 8 1 26 18 2 18 16 3 2 0 6 11 12 1 25 20 6 5 9 3 0 10 1 23 11 7 17 10 0 17 9 1 9 8 7 0 10 9 21 7 8 11 20 2 9 0 8 22 18 2 11 7 9 2 12 6 13 2 4 9 9 4 9 4 3 10 24 7 15 24 7 9 17 7 17 0 7 16 24 1 15 14 3 6 5 1 13 23 9 24 25 4 17 14 2 20 22 0 18 6 2 7 8 3 15 8 3 6 23 1 10 3 0 2 11 6 24 13 5 12 19 2 8 12 6 1 3 3 26 2 4 2 6 0 2 17 6 24 10 5 9 10 4 9 12 4 9 14 4 11 10 4 11 12 4 11 14 4 13 10 4 13 12 4 13 14 4 14 12 5 14 14 5 14 16 5 16 12 5 16 14 5 16 16 5 18 12 5 18 14 5 18 16 5
OCC -1 -1 -1 -1 -1 -1 -1 -1 -1 -1 -1 -1 -1 -1 -1 -1 -1 -1 -1 -1 -1 -1 -1 -1 -1 -1 -1 -1 -1 -1 -1 -1 -1 -1 -1 -1 -1 -1 -1 -1 -1 -1 -1 -1 -1 -1 -1 -1 -1 -1 -1 -1 -1 -1 -1 -1 -1 -1 -1 -1 100 -1 -1 -1 -1 -1 -1 -1 -1 -1 -1 -1 100 -1 -1 -1 -1 -1 -1 -1 -1 -1 100 -1 100 -1 -1 -1 -1 -1 -1 -1 -1 -1 -1 -1 -1 -1 -1 -1 -1 -1 -1 -1 -1 100 100 -1 100 100 -1 -1 -1 -1 100 100 -1 100 100 -1 -1 -1
HEAT 0.0 0.0 0.0 0.0 0.0 0.0 0.0 0.0 0.0 0.0 0.0 0.0 0.0 0.0021605531219393015 0.0 0.0 0.0 0.0 0.0 0.0 0.0 0.0035372974816709757 0.2183823585510254 0.0 0.0 0.0 0.0 0.0 0.0 0.0 0.0 0.0053581600077450275 0.0 0.0 0.0 0.0 0.0 0.0 0.0 0.0 0.0 0.0 0.0 0.0 0.0 0.25 0.0 0.008961300365626812 0.0 0.0 0.0 0.0 0.0 0.25 0.0 0.011585836298763752 0.0 0.0 0.0 0.04646474868059158 0.25 0.0458267517387867 0.0 0.0 0.0 0.0 0.0 0.0 0.00010755040420917794 0.0 0.0 0.0 0.25 0.0 0.0 0.0 0.0 0.02682061679661274 0.0 0.0 0.0 0.0 0.25 0.0 0.3302760720252991 0.0 0.0 0.25 0.05849549174308777 0.0 0.0 0.0 0.0 0.0 0.0 0.0 0.0 0.0 0.04288918897509575 0.0 0.0 0.0 0.0 0.0 0.06267882883548737 0.3182845115661621 0.10138995200395584 0.1027214378118515 1.2000000476837158 0.259977251291275 0.052306607365608215 0.2289735972881317 0.150584876537323 0.08799054473638535 0.27892395853996277 0.21096453070640564 0.12506616115570068 1.2000000476837158 0.3122735321521759 0.045401379466056824 0.0841020792722702 0.056752219796180725
NRT 25
RTCELLS 0 2 0 0 2 5 0 2 9 0 13 0 0 13 5 0 13 9 0 24 0 0 24 5 0 24 9 6 2 0 6 2 5 6 2 9 6 13 0 6 13 5 6 13 9 6 24 0 6 24 5 6 24 9 13 2 0 13 2 5 13 2 9 13 13 0 13 13 5 13 13 9 13 24 0
I2F -3.25 -2.55 0.17500000000000004 -3.25 -2.55 1.425 -3.25 -2.55 2.425 -3.25 0.20000000000000018 0.17500000000000004 -3.25 0.20000000000000018 1.425 -3.25 0.20000000000000018 2.425 -3.25 2.95 0.17500000000000004 -3.25 2.95 1.425 -3.25 2.95 2.425 -1.75 -2.55 0.17500000000000004 -1.75 -2.55 1.425 -1.75 -2.55 2.425 -1.75 0.20000000000000018 0.17500000000000004 -1.75 0.20000000000000018 1.425 -1.75 0.20000000000000018 2.425 -1.75 2.95 0.17500000000000004 -1.75 2.95 1.425 -1.75 2.95 2.425 0.0 -2.55 0.17500000000000004 0.0 -2.55 1.425 0.0 -2.55 2.425 0.0 0.20000000000000018 0.17500000000000004 0.0 0.20000000000000018 1.425 0.0 0.20000000000000018 2.425 0.0 2.95 0.17500000000000004
NF2I 27
RTPOINTS -1.97416869467455 -3.1005687778957225 4.376382874810417 -2.334037709608682 -3.2163383034246595 -0.128665847140075 0.8046006455763379 -0.25492749973236517 4.415571303433525 -0.7740865451814551 0.28043651352653676 4.159645241842185 -1.003514935904813 2.2014983504287144 1.6439283922131784 -2.1178159735265942 -2.433035992719833 2.670708387200346 -3.0648064269063546 -0.3307870979791918 0.41731279040113045 0.775256151585829 -0.5684690153613592 4.458136562922199 1.4158042992015378 -3.3541319892505532 1.6081555906728264 -1.4310757551289135 0.44607190369235417 3.5173207241998474 -1.0303871769381705 2.0824394880644093 5.686688964602182 -3.799102427585438 -2.3723705071125263 0.6779101335133237 0.7700523714543195 -0.009011664011256748 2.542143011961304 0.7039690578454101 0.882728907253902 1.1860176454114557 1.5741728040053866 -2.5218409717877646 3.4135737680255698 -2.7586395604508245 -0.6580372621190844 3.388430493111299 -2.0919778169861405 -2.354670097957988 4.688605108980564 0.015451523910801512 -3.088998189391921 2.2354528805444804 1.042648947227323 -3.9015235159881017 1.4760429505328077 -3.569819261453344 -1.9371973377097547 3.9694248705516273 -1.1627233803766026 -0.5610196703818462 5.246243665682146 -0.34295189868438936 0.5626333212173962 1.2230260390468461 1.1865136281689335 1.9891617055510524 3.7131707647498526 -0.32512470929750226 -1.4912281410408212 3.6206182476830477 1.0135320288598528 0.2427950496770226 2.7631840795580853 -0.6 0.0 1.2 0.7 0.5 1.3
F2I 5 0 17 4 -1 -1 16 11 17 10 13 16 9 21 6 5 2 10 1 11 1 16 10 17 19 -1 6 7 14 13 9 21 22 -2 3 2 16 12 9 16 16 4 19 2 13 2 10 13 5 3 18 13 0 8 17 -3 5 -1 4 15 8 10 20 12 14 4 18 20 14 12 6 14 17 13 10 11 12 4 16 14 5
END
CASE
RES 0.3
PARAMS 16.0 16.0 10.0 0.0 0.0 0.4 0.0 3.0 0.05 1.0
NOBST 1
OBSTPOS 0.2 0.1 0.3
OBSTBBOX 0.2 0.2 0.2
NCLOUD 0
CLOUD
KBOOL 1 1 1 0 1 1 1 1 1
KINT 2 2 15 2
KFLOAT 0.2 1.0 0.5 0.0 2.0 0.1 0.5 0.5 1.0 5.0 1.0 0.5 5.0
PREDTIMES 0
PREDSAMP -1
DIM 17 17 6
ORIGIN -2.55 -2.55 0.10000000000000003
NCELL 113
CELLS 0 1 0 0 1 3 0 1 5 0 8 0 0 8 3 0 8 5 0 15 0 0 15 3 0 15 5 4 1 0 4 1 3 4 1 5 4 8 0 4 8 3 4 8 5 4 15 0 4 15 3 4 15 5 8 1 0 8 1 3 8 1 5 8 8 0 8 8 3 8 8 5 8 15 0 8 15 3 8 15 5 12 1 0 12 1 3 12 1 5 12 8 0 12 8 3 12 8 5 12 15 0 12 15 3 12 15 5 16 1 0 16 1 3 16 1 5 16 8 0 16 8 3 16 8 5 16 15 0 16 15 3 16 15 5 9 12 1 5 4 2 16 2 2 15 6 3 8 2 1 13 2 0 15 12 3 10 2 5 7 0 1 14 14 4 10 1 2 9 11 2 9 5 3 15 0 4 6 13 2 5 5 3 14 2 2 1 8 0 15 10 5 14 4 5 0 7 0 4 12 2 0 12 3 14 8 3 3 8 0 4 14 2 6 12 3 8 9 3 12 4 5 16 10 3 8 16 0 4 1 4 7 3 1 1 15 0 15 12 4 3 7 0 11 9 3 16 15 4 0 10 4 1 0 4 11 11 0 8 14 4 11 7 1 16 6 4 5 12 1 11 14 2 11 2 0 15 3 5 14 8 0 14 15 2 2 2 5 9 10 1 6 13 4 14 0 2 8 11 2 11 9 4 1 11 2 3 8 5 12 8 4 7 6 0 7 8 0 7 10 0 9 6 0 9 8 0 9 10 0 11 6 0 11 8 0 11 10 0
OCC -1 -1 -1 -1 -1 -1 -1 -1 -1 -1 -1 -1 -1 -1 -1 -1 -1 -1 -1 -1 -1 100 -1 -1 -1 -1 -1 -1 -1 -1 -1 -1 -1 -1 -1 -1 -1 -1 -1 -1 -1 -1 -1 -1 -1 -1 -1 -1 -1 -1 -1 -1 -1 100 -1 -1 -1 -1 100 -1 -1 -1 -1 -1 -1 -1 -1 -1 -1 -1 -1 -1 -1 -1 -1 100 -1 -1 -1 -1 -1 -1 -1 -1 100 -1 -1 -1 -1 -1 -1 -1 -1 -1 -1 -1 -1 -1 100 -1 -1 -1 -1 -1 -1 -1 -1 -1 100 -1 -1 -1 -1
HEAT 0.1599999964237213 0.1599999964237213 0.1599999964237213 0.0 0.0 0.0 0.1599999964237213 0.1599999964237213 0.1599999964237213 0.1599999964237213 0.1599999964237213 0.1599999964237213 0.0 0.0 0.0 0.1599999964237213 0.1599999964237213 0.1599999964237213 0.1599999964237213 0.1599999964237213 0.1599999964237213 0.7788888812065125 0.0 0.0 0.1599999964237213 0.1599999964237213 0.1599999964237213 0.1599999964237213 0.1599999964237213 0.1599999964237213 0.0 0.0 0.0 0.1599999964237213 0.1599999964237213 0.1599999964237213 0.1599999964237213 0.1599999964237213 0.1599999964237213 0.0 0.0 0.0 0.1599999964237213 0.1599999964237213 0.1599999964237213 0.0 0.0 0.0 0.0 0.0 0.0 0.0 0.0 0.1599999964237213 0.0 0.1599999964237213 0.0 0.0 0.1599999964237213 0.0 0.0 0.0 0.0 0.0 0.0 0.0 0.0 0.0 0.0 0.0 0.0 0.0 0.0 0.0 0.0 0.1599999964237213 0.1599999964237213 0.0 0.1599999964237213 0.0 0.0 0.0 0.1599999964237213 0.0 0.1599999964237213 0.0 0.0 0.0 0.0 0.0 0.0 0.0 0.0 0.0 0.1599999964237213 0.0 0.037788014858961105 0.0 0.1599999964237213 0.0 0.0 0.0 0.0 0.0 0.0 0.06222222372889519 0.0006541611510328948 9.860761462199441e-33 1.2000000476837158 0.06222222372889519 0.0 0.0 0.0
NRT 25
RTCELLS 0 1 0 0 1 3 0 1 5 0 8 0 0 8 3 0 8 5 0 15 0 0 15 3 0 15 5 4 1 0 4 1 3 4 1 5 4 8 0 4 8 3 4 8 5 4 15 0 4 15 3 4 15 5 8 1 0 8 1 3 8 1 5 8 8 0 8 8 3 8 8 5 8 15 0
I2F -2.4 -2.0999999999999996 0.25 -2.4 -2.0999999999999996 1.1500000000000001 -2.4 -2.0999999999999996 1.75 -2.4 0.0 0.25 -2.4 0.0 1.1500000000000001 -2.4 0.0 1.75 -2.4 2.0999999999999996 0.25 -2.4 2.0999999999999996 1.1500000000000001 -2.4 2.0999999999999996 1.75 -1.2 -2.0999999999999996 0.25 -1.2 -2.0999999999999996 1.1500000000000001 -1.2 -2.0999999999999996 1.75 -1.2 0.0 0.25 -1.2 0.0 1.1500000000000001 -1.2 0.0 1.75 -1.2 2.0999999999999996 0.25 -1.2 2.0999999999999996 1.1500000000000001 -1.2 2.0999999999999996 1.75 0.0 -2.0999999999999996 0.25 0.0 -2.0999999999999996 1.1500000000000001 0.0 -2.0999999999999996 1.75 0.0 0.0 0.25 0.0 0.0 1.1500000000000001 0.0 0.0 1.75 0.0 2.0999999999999996 0.25
NF2I 26
RTPOINTS 1.3267284846679797 -1.5155252151322511 4.670596779377199 -0.22075936015148834 1.2789748009326858 2.4122092552147647 -0.9842916526262884 0.6143662789289914 2.116132052764805 -1.7323896647693133 -1.4995132136135068 1.4388579191146564 -1.431521379055999 0.9709666749985519 1.7442148184622055 1.2489143129460643 0.2963670913574612 4.712236657936956 1.5402622931964474 0.9950999637772959 0.01455293998388335 -0.5905886084574603 1.083738032245157 0.8160891391232613 -1.671169501231486 0.5417814344082901 0.16557309432267164 -0.9400818009004647 -2.0071593455979078 1.2366093915521812 0.06895522429742895 -3.2168019147920908 0.05600140857787689 -0.6540714754563619 2.7164957531749145 0.07687839274407038 -1.106677607520651 -2.317625712918124 0.2305009822400919 1.309321252203564 -0.5959041719912106 2.7983500551322584 -0.9337346269947495 -2.4966558112025243 3.88891920726384 2.5360654599512205 -1.1236847775825733 4.807365596772629 -1.3882163190654468 0.4941458805811738 4.734601692021832 -0.2007031782526545 1.5111487211683547 1.1932233121226137 -3.1052015515328093 2.192368208130117 4.481969356678824 -2.188398304214662 -0.18763139791280548 3.5530049095595935 -1.2104335012231044 -1.9453994213943644 1.7875635933329066 -0.3405943827205751 -0.9861133716735755 0.9932781459662055 0.5192617994269919 -0.135118647673516 -0.21396575206225343 1.5643217070444346 0.774885664439608 4.2138640667136045 1.0201294282289775 1.769407968159816 0.00545560958089536 0.2 0.1 0.3
F2I 12 3 15 7 12 7 5 10 6 2 3 4 3 11 5 12 9 15 13 11 -1 6 12 2 2 10 0 5 1 3 8 -3 -1 6 17 -1 4 0 0 12 6 8 5 0 12 16 4 15 3 10 15 7 13 3 -2 15 14 1 7 11 4 2 5 7 5 2 10 8 -2 13 11 13 11 14 -1 9 8 0
END
CASE
RES 0.3
PARAMS 14.0 14.0 12.0 0.0 0.0 2.7 0.0 3.0 0.6 2.0
NOBST 1
OBSTPOS 0.0 0.0 2.6
OBSTBBOX 0.3 0.3 0.3
NCLOUD 0
CLOUD
KBOOL 1 1 1 0 1 1 1 1 1
KINT 2 2 15 2
KFLOAT 0.2 1.0 0.5 0.0 2.0 0.1 0.5 0.5 1.0 5.0 1.0 0.5 5.0
PREDTIMES 0
PREDSAMP -1
DIM 24 24 6
ORIGIN -3.5999999999999996 -3.5999999999999996 0.9000000000000004
NCELL 113
CELLS 0 2 0 0 2 3 0 2 5 0 12 0 0 12 3 0 12 5 0 21 0 0 21 3 0 21 5 6 2 0 6 2 3 6 2 5 6 12 0 6 12 3 6 12 5 6 21 0 6 21 3 6 21 5 12 2 0 12 2 3 12 2 5 12 12 0 12 12 3 12 12 5 12 21 0 12 21 3 12 21 5 18 2 0 18 2 3 18 2 5 18 12 0 18 12 3 18 12 5 18 21 0 18 21 3 18 21 5 23 2 0 23 2 3 23 2 5 23 12 0 23 12 3 23 12 5 23 21 0 23 21 3 23 21 5 18 1 1 21 3 4 20 9 0 18 17 0 23 7 2 4 6 0 10 5 2 14 14 1 6 20 2 14 14 4 21 8 2 16 21 2 16 17 0 16 5 1 15 17 1 2 0 2 2 6 1 23 23 3 13 13 4 12 7 4 13 20 4 14 8 4 16 4 2 12 0 2 22 3 5 4 21 0 22 10 1 8 16 3 19 21 0 3 15 0 18 7 4 4 3 2 14 21 3 1 14 1 12 6 4 0 6 5 13 10 2 20 20 4 18 8 2 22 21 1 14 7 0 22 5 5 20 4 5 12 11 2 0 3 1 16 0 3 20 19 3 1 10 1 10 16 4 17 12 0 3 14 1 2 6 0 9 14 0 2 20 3 0 0 5 14 3 4 4 19 4 5 7 3 8 4 3 11 12 0 10 10 5 10 12 5 10 14 5 12 10 5 12 14 5 14 10 5 14 12 5 14 14 5
OCC -1 -1 -1 -1 -1 -1 -1 -1 -1 -1 -1 -1 -1 -1 -1 -1 -1 -1 -1 -1 -1 -1 100 100 -1 -1 -1 -1 -1 -1 -1 -1 -1 -1 -1 -1 -1 -1 -1 -1 -1 -1 -1 -1 -1 100 -1 -1 -1 -1 -1 -1 -1 -1 100 -1 -1 -1 -1 -1 100 -1 100 100 -1 -1 -1 -1 100 -1 -1 -1 -1 -1 -1 -1 -1 -1 -1 -1 -1 -1 -1 -1 -1 -1 -1 -1 -1 -1 100 -1 -1 -1 -1 -1 -1 -1 -1 100 -1 -1 -1 -1 -1 100 100 100 100 100 100 100 100
HEAT 0.1599999964237213 0.1599999964237213 0.1599999964237213 0.0 0.0 0.0 0.1599999964237213 0.1599999964237213 0.1599999964237213 0.1599999964237213 0.1599999964237213 0.1599999964237213 0.0 0.0 0.0 0.1599999964237213 0.1599999964237213 0.1599999964237213 0.1599999964237213 0.1599999964237213 0.1599999964237213 0.0 0.06389413774013519 1.2000000476837158 0.1599999964237213 0.1599999964237213 0.1599999964237213 0.1599999964237213 0.1599999964237213 0.1599999964237213 0.0 0.0 0.0 0.1599999964237213 0.1599999964237213 0.1599999964237213 0.1599999964237213 0.1599999964237213 0.1599999964237213 0.0 0.0 0.0 0.1599999964237213 0.1599999964237213 0.1599999964237213 0.1599999964237213 0.0 0.0 0.0 0.0 0.0 0.0 0.0 0.0 0.011706084944307804 0.0 0.1599999964237213 0.0 0.0 0.0 0.1599999964237213 0.0 0.1599999964237213 0.073959119617939 0.0 0.0 0.0003780718252528459 0.0 0.1599999964237213 0.0 0.1599999964237213 0.0 0.0 0.1599999964237213 0.0 0.0 0.0 0.1599999964237213 0.0 0.0 0.0 0.009037643671035767 0.0 0.0 0.1599999964237213 0.0 0.0 0.0 0.018525520339608192 0.0 0.1599999964237213 0.0 0.0 0.0 0.0 0.0 0.0 0.0 0.0 0.1599999964237213 0.0 0.0 0.0 0.0 0.0 0.1025947853922844 0.26926276087760925 0.034724097698926926 0.26926276087760925 0.04574669152498245 0.034724097698926926 0.04574669152498245 0.013744466006755829
NRT 25
RTCELLS 0 2 0 0 2 3 0 2 5 0 12 0 0 12 3 0 12 5 0 21 0 0 21 3 0 21 5 6 2 0 6 2 3 6 2 5 6 12 0 6 12 3 6 12 5 6 21 0 6 21 3 6 21 5 12 2 0 12 2 3 12 2 5 12 12 0 12 12 3 12 12 5 12 21 0
I2F -3.4499999999999997 -2.8499999999999996 1.0500000000000003 -3.4499999999999997 -2.8499999999999996 1.9500000000000004 -3.4499999999999997 -2.8499999999999996 2.5500000000000003 -3.4499999999999997 0.15000000000000036 1.0500000000000003 -3.4499999999999997 0.15000000000000036 1.9500000000000004 -3.4499999999999997 0.15000000000000036 2.5500000000000003 -3.4499999999999997 2.8500000000000005 1.0500000000000003 -3.4499999999999997 2.8500000000000005 1.9500000000000004 -3.4499999999999997 2.8500000000000005 2.5500000000000003 -1.6499999999999997 -2.8499999999999996 1.0500000000000003 -1.6499999999999997 -2.8499999999999996 1.9500000000000004 -1.6499999999999997 -2.8499999999999996 2.5500000000000003 -1.6499999999999997 0.15000000000000036 1.0500000000000003 -1.6499999999999997 0.15000000000000036 1.9500000000000004 -1.6499999999999997 0.15000000000000036 2.5500000000000003 -1.6499999999999997 2.8500000000000005 1.0500000000000003 -1.6499999999999997 2.8500000000000005 1.9500000000000004 -1.6499999999999997 2.8500000000000005 2.5500000000000003 0.15000000000000036 -2.8499999999999996 1.0500000000000003 0.15000000000000036 -2.8499999999999996 1.9500000000000004 0.15000000000000036 -2.8499999999999996 2.5500000000000003 0.15000000000000036 0.15000000000000036 1.0500000000000003 0.15000000000000036 0.15000000000000036 1.9500000000000004 0.15000000000000036 0.15000000000000036 2.5500000000000003 0.15000000000000036 2.8500000000000005 1.0500000000000003
NF2I 26
RTPOINTS 1.362580279834542 -3.25960620379269 3.855249212056398 -1.5150299652359487 -3.642967528542737 2.539373634127818 -0.8099052535406224 -0.48625827227784235 6.341209130301608 -1.0828226245031862 0.5047141300518043 5.077152038594711 0.3664878612229914 2.2612212312354725 3.213721103744388 -0.25059577139447864 -2.5855990865143585 2.4843380899145764 -0.5746277574118928 0.35318299647527596 3.5128983275978096 0.6747824342414424 1.079559025195481 4.3513397468354755 -4.1609080391507955 0.6545483909864029 3.1964074223181065 -1.4717325137816237 1.3056199198126555 5.750875727521869 0.6870319254627271 0.6618048693148166 4.885334381063357 0.5244196812580606 0.3771664138711701 3.3772996161799584 1.0716882712976172 -0.6899980714895131 2.2023158720611966 -3.5899563482664285 1.4521664075271814 2.7278411037056527 -1.5562549688625982 -1.2637575716988176 1.2495485767132701 -2.9819047399327854 -2.8137030464649753 3.654874218831427 -3.373119738509858 -2.9700366936738796 2.808081966270454 0.30885093062917157 -1.3667975809269122 5.777438154555577 0.4596423071443221 -1.2787807627859706 1.4545553180079813 1.7655326126145225 -1.519922746915015 5.665573832766809 -0.6698788216660416 -0.08247147872972205 2.0985839584616173 0.5658537456933344 -3.680992738953605 0.4938503367545881 -2.9461115407292655 1.0163293528141026 2.2460171484541798 -1.6207188486805433 -2.02424672322995 4.761152832567767 0.7966764474442538 -3.111005138811688 5.981136283415564 0.0 0.0 2.6
F2I 16 1 9 6 -1 5 9 10 18 8 13 13 13 19 7 11 3 5 10 13 8 14 15 11 -2 14 7 7 16 16 14 14 13 13 13 8 15 9 4 0 16 6 6 7 1 2 2 9 0 2 6 13 7 16 13 7 1 17 6 15 9 11 3 13 -1 -2 2 15 4 6 5 12 14 1 16 12 12 5
END
CASE
RES 0.3
PARAMS 12.0 12.0 6.0 0.0 0.0 1.0 0.0 2.0 0.3 2.0
NOBST 0
OBSTPOS
OBSTBBOX
NCLOUD 0
CLOUD
KBOOL 1 1 1 0 1 1 1 1 1
KINT 2 2 15 2
KFLOAT 0.2 1.0 0.5 0.0 2.0 0.1 0.5 0.5 1.0 5.0 1.0 0.5 5.0
PREDTIMES 0
PREDSAMP -1
DIM 17 17 6
ORIGIN -2.55 -2.55 0.10000000000000009
NCELL 104
CELLS 0 1 0 0 1 3 0 1 5 0 8 0 0 8 3 0 8 5 0 15 0 0 15 3 0 15 5 4 1 0 4 1 3 4 1 5 4 8 0 4 8 3 4 8 5 4 15 0 4 15 3 4 15 5 8 1 0 8 1 3 8 1 5 8 8 0 8 8 3 8 8 5 8 15 0 8 15 3 8 15 5 12 1 0 12 1 3 12 1 5 12 8 0 12 8 3 12 8 5 12 15 0 12 15 3 12 15 5 16 1 0 16 1 3 16 1 5 16 8 0 16 8 3 16 8 5 16 15 0 16 15 3 16 15 5 4 9 1 10 12 2 6 6 0 2 15 3 11 14 4 15 11 4 1 13 5 0 5 1 16 0 3 7 15 1 10 3 1 11 7 0 2 11 0 12 15 1 2 10 0 11 0 5 11 0 1 0 6 5 1 2 1 1 2 2 1 7 5 3 16 2 8 3 5 8 3 2 2 4 5 14 5 4 15 0 4 6 1 3 6 6 5 11 1 2 16 6 5 6 1 0 10 5 5 12 14 1 4 3 4 7 9 4 16 16 2 0 8 4 14 14 0 5 9 4 11 7 4 15 2 0 2 0 2 6 11 3 15 10 0 13 15 0 10 6 1 9 8 1 13 8 1 0 12 0 4 4 0 4 14 5 12 1 4 10 5 3 2 3 5 11 12 2 7 9 1 2 1 2 8 12 0
OCC -1 -1 -1 -1 -1 -1 -1 -1 -1 -1 -1 -1 -1 -1 -1 -1 -1 -1 -1 -1 -1 -1 -1 -1 -1 -1 -1 -1 -1 -1 -1 -1 -1 -1 -1 -1 -1 -1 -1 -1 -1 -1 -1 -1 -1 -1 -1 -1 -1 -1 -1 -1 -1 100 -1 -1 -1 -1 -1 -1 100 100 -1 -1 -1 -1 100 -1 -1 -1 -1 100 -1 -1 -1 -1 -1 -1 -1 -1 -1 100 -1 -1 -1 -1 -1 100 -1 -1 -1 -1 -1 -1 -1 -1 -1 -1 -1 -1 -1 -1 -1 -1
HEAT 0.1599999964237213 0.1599999964237213 0.1599999964237213 0.0 0.0 0.0 0.1599999964237213 0.1599999964237213 0.1599999964237213 0.1599999964237213 0.1599999964237213 0.1599999964237213 0.0 0.0 0.0 0.1599999964237213 0.1599999964237213 0.1599999964237213 0.1599999964237213 0.1599999964237213 0.1599999964237213 0.0 0.0 0.0 0.1599999964237213 0.1599999964237213 0.1599999964237213 0.1599999964237213 0.1599999964237213 0.1599999964237213 0.0 0.0 0.0 0.1599999964237213 0.1599999964237213 0.1599999964237213 0.1599999964237213 0.1599999964237213 0.1599999964237213 0.0 0.0 0.0 0.1599999964237213 0.1599999964237213 0.1599999964237213 0.0 0.0 0.0 0.1599999964237213 0.0 0.0 0.0 0.0 0.1599999964237213 0.1599999964237213 0.0 0.0 0.0 0.1599999964237213 0.0 0.1599999964237213 0.1599999964237213 0.0 0.0 0.0 0.0 0.1599999964237213 0.0 0.0 0.0 0.0 0.1599999964237213 0.1599999964237213 0.0 0.1599999964237213 0.0 0.1599999964237213 0.0 0.0 0.0 0.0 0.1599999964237213 0.0 0.0 0.0 0.0 0.0 0.1599999964237213 0.0 0.0 0.1599999964237213 0.0 0.0 0.0 0.0 0.0 0.0 0.1599999964237213 0.0 0.0 0.0 0.0 0.1599999964237213 0.0
NRT 25
RTCELLS 0 1 0 0 1 3 0 1 5 0 8 0 0 8 3 0 8 5 0 15 0 0 15 3 0 15 5 4 1 0 4 1 3 4 1 5 4 8 0 4 8 3 4 8 5 4 15 0 4 15 3 4 15 5 8 1 0 8 1 3 8 1 5 8 8 0 8 8 3 8 8 5 8 15 0
I2F -2.4 -2.0999999999999996 0.2500000000000001 -2.4 -2.0999999999999996 1.1500000000000001 -2.4 -2.0999999999999996 1.75 -2.4 0.0 0.2500000000000001 -2.4 0.0 1.1500000000000001 -2.4 0.0 1.75 -2.4 2.0999999999999996 0.2500000000000001 -2.4 2.0999999999999996 1.1500000000000001 -2.4 2.0999999999999996 1.75 -1.2 -2.0999999999999996 0.2500000000000001 -1.2 -2.0999999999999996 1.1500000000000001 -1.2 -2.0999999999999996 1.75 -1.2 0.0 0.2500000000000001 -1.2 0.0 1.1500000000000001 -1.2 0.0 1.75 -1.2 2.0999999999999996 0.2500000000000001 -1.2 2.0999999999999996 1.1500000000000001 -1.2 2.0999999999999996 1.75 0.0 -2.0999999999999996 0.2500000000000001 0.0 -2.0999999999999996 1.1500000000000001 0.0 -2.0999999999999996 1.75 0.0 0.0 0.2500000000000001 0.0 0.0 1.1500000000000001 0.0 0.0 1.75 0.0 2.0999999999999996 0.2500000000000001
NF2I 25
RTPOINTS 0.7495317180257546 -2.019486283028094 1.3699056268581522 0.7737364488640739 -1.6345095805135597 1.5574605538296247 -0.1068611061751441 -0.906348749223421 -0.22290208114138477 0.928205226875261 -0.2317105008545366 5.847466360487918 -2.6613083477601323 2.4352232787534045 1.7421847813699298 1.9385971759179592 1.573271014042215 2.612629534271357 0.4161808146505739 -0.38467838949454913 4.7513908852409585 -1.7272502357871367 2.560495298669337 4.100863568422405 1.1409556205975353 -0.8973183264083866 2.8921674574272576 0.763446024033295 0.9610684981499706 0.6936028014835165 2.586932890183385 -2.5191812102627447 0.43465937530569365 1.7449542450334885 -2.083002005800762 2.2513603722930133 1.3143990860054346 -0.16985512035753603 1.2924643575213288 2.4590935305113435 1.78681402761424 3.274611730165219 -2.6598533446399544 1.312986044700387 1.7300337213754302 1.7256712362072149 -2.105933510672958 0.6078428471793303 -1.2093680849587018 -0.11021454734222891 4.250440261379233 -1.9573421523259076 -1.684737571129773 1.9271537707219477 2.316955942015563 -1.6742855366496263 2.6536101866821324 1.035371138818805 -2.8699023854400205 4.149371887894814 2.6499293274407574 -0.18528524979189687 3.530162866931872 -3.1291545284751776 -0.7672483699940003 1.0851046311895332 -0.9727479001471036 -0.04118255311417496 4.8886937302085975 1.9902575020728062 -2.465757260309163 0.6275860743886863 -1.7345289913898516 -2.1423390911459457 4.894480628671397
F2I 10 1 4 11 3 4 8 5 -2 11 7 19 -1 16 5 14 13 8 9 7 15 2 17 13 12 5 9 11 11 1 17 0 1 14 1 7 12 7 3 16 14 10 -1 12 5 14 1 1 4 8 13 1 2 6 16 2 8 11 -2 13 17 7 11 -2 5 3 5 8 15 15 0 1 2 1 15
END
CASE
RES 0.34521126507328487
PARAMS 31.0 24.0 10.0 -0.683516773000983 0.9334645818618446 1.136178905934824 0.0 3.0 0.3854833668918033 2.5998001574271545
NOBST 1
OBSTPOS -0.505560474822064 -0.5304477245317968 1.9776569427765451
OBSTBBOX 0.40789720278214625 0.1739680676923001 0.1974364435828656
NCLOUD 62
CLOUD -0.5774588395389442 0.19774286981965483 2.5091796213823034 1.9789641057880965 -0.13873426997879568 0.38727002181632586 -1.3407065407088226 -0.9033397246354782 1.4496799711965476 1.9341359597951162 -1.3239399685151407 2.260907951869793 1.5834793960000941 -0.5579256997634263 1.2638873594118114 0.5764886777275184 -1.687166556485149 2.5067866839305184 -0.232205441668635 -0.7145563713674248 0.4873722997905392 -1.2209106620397918 -1.2632750011784348 2.0900846037517335 -0.656477514831046 1.140781674986759 2.1633048655761677 -0.09252738638321878 -1.9001399380613577 0.5653868128001895 -1.9836015571983174 -1.1954789389072755 2.4688348264199385 -1.665075223722551 -0.6000698406619676 1.254336039598752 0.27573642018841715 -0.8986181682020793 1.3930967189551788 -0.18224286255407396 -1.4035021172793098 1.3285723811460184 -0.45544640034941297 0.6389427333779172 0.3295161519825638 0.43772515920865285 -0.9050161957671077 1.8561376330033648 1.7417909752890965 0.347596943923842 1.0269178297770358 0.10701914572975069 -0.5699326911010552 1.800457838935456 -0.010664532746270883 -1.4213012026929608 2.7143363255000397 -1.2747677697906594 1.7754075299156442 2.1771140174142882 -0.909914320909142 1.456271517391757 2.048745072769527 0.8533367727289694 0.06827122414447517 0.5861848548254086 1.447439716568105 0.7316645926579741 2.16645319730568 -1.5449895051849785 -0.954721487641045 1.2448556220922729 0.523684495624166 -0.5720642945983796 1.3511479408770024 0.515024285642796 1.3466872495934963 2.408820837685296 -1.9693284106245557 -1.9518017492211754 1.0679106748942604 0.46642005910302275 1.2467592702773969 0.341153710766796 1.0265377392726047 0.3725590962017167 1.5882397773318053 1.860693414801101 1.6125168860042303 1.2702420452817726 0.8608637392715504 1.6849880234671364 0.9237791657554094 1.1444010451235704 -0.7887728598060568 2.417338545989501 -1.2482574578739851 -1.2381121507134574 2.2892623666477228 -0.21951616081640601 -1.4472289232470743 0.6705544268139223 0.7405125858454533 0.013153800314780195 1.2022197084042399 -1.228395897597189 -1.7148761042691434 1.1069812143800861 1.0243285336693089 -1.2177364394445305 1.917410146812098 1.641297272400411 0.4987080549405909 1.3308849989466738 0.03147493308488247 1.950426544614801 1.7112035401530046 -1.2932894048395607 -0.19184784955272116 1.1839583433418976 -0.4605620517593043 -0.17417977769076476 2.0692413863510213 -0.4664179665182129 0.2549435468848551 2.3850587741699396 -0.21109078976390627 1.2829989914414295 0.8167274723437877 0.3990848511066889 -0.19672154964749744 1.2458024399108727 -1.5734798388085793 0.42059005578636466 1.5196902597935829 -1.1243291816160323 -1.9633703049994078 1.542072357763795 -1.8132639483752642 -1.1041338921512418 0.9499572228105224 1.4520103668721536 -0.7414296168663435 1.272364852739327 -1.1793570086531275 0.31247115432769146 2.3436866428588723 1.1819691485849 1.8067097419040086 2.562388550894713 -0.24703603016766085 0.099589394773965 2.2557203175591627 -0.0536946124996045 0.6515476625264358 0.149286247829201 -1.677750299909225 1.0497268556937813 1.2665735292315434 -0.6839013802872627 -0.3698654853184111 2.150395201926491 0.4613874390753372 1.67225886083992 2.6241068840065673 -0.22739374646165 -0.6022424838920162 0.7904559894410403 0.10833970562574624 1.0308656204992102 2.263902627011228 0.703980249253771 0.07140148620746611 0.2055687282631649 0.04514608424413158 -1.2243059192853134 0.41328668268152857 0.10591243201111 -0.5449473233574782 2.0158218733778033 -0.9600007919804052 -0.7711501145019026 2.709988712213235 1.202722736144867 1.7596135476176182 0.14042740700892112
KBOOL 1 1 1 1 1 1 1 1 1
KINT 1 3 10 3
KFLOAT 0.2702090578302522 1.1163097947377434 0.5 0.11299852436069176 3.36542012218575 0.1 0.3223530754354959 0.7556170429208982 0.6385004853423291 5.93722138400775 1.1330000689716564 0.5085474387781458 5.0
PREDTIMES 0
PREDSAMP -1
DIM 37 30 8
ORIGIN -7.069925176856754 -4.244704394237428 0.1005451107149693
NCELL 114
CELLS 0 3 0 0 3 4 0 3 7 0 15 0 0 15 4 0 15 7 0 27 0 0 27 4 0 27 7 9 3 0 9 3 4 9 3 7 9 15 0 9 15 4 9 15 7 9 27 0 9 27 4 9 27 7 18 3 0 18 3 4 18 3 7 18 15 0 18 15 4 18 15 7 18 27 0 18 27 4 18 27 7 27 3 0 27 3 4 27 3 7 27 15 0 27 15 4 27 15 7 27 27 0 27 27 4 27 27 7 36 3 0 36 3 4 36 3 7 36 15 0 36 15 4 36 15 7 36 27 0 36 27 4 36 27 7 1 0 6 21 3 3 15 25 1 2 21 0 10 14 5 21 19 7 33 3 5 31 11 7 2 20 4 6 11 6 15 1 1 18 12 6 15 11 3 35 2 5 30 26 6 19 16 7 15 22 4 29 10 1 31 11 3 34 22 3 25 19 3 30 12 0 2 17 4 24 13 7 15 13 2 28 24 4 4 24 0 31 25 5 22 9 0 25 16 0 6 28 3 4 20 3 32 6 7 7 2 0 8 6 7 29 7 2 32 17 0 35 28 4 21 11 2 0 7 7 26 27 0 13 14 2 35 8 7 4 0 0 20 19 2 0 8 6 14 15 1 20 25 6 14 29 1 15 28 5 18 21 0 3 9 4 10 9 7 0 15 5 6 28 7 29 22 0 18 11 7 16 7 0 19 27 4 34 11 5 17 8 5 17 10 5 17 12 5 19 8 5 19 10 5 19 12 5 21 8 5 21 10 5 21 12 5
OCC -1 -1 -1 -1 -1 -1 -1 -1 -1 -1 -1 -1 -1 -1 -1 -1 -1 -1 -1 -1 -1 100 100 100 -1 -1 -1 -1 -1 -1 -1 -1 -1 -1 -1 -1 -1 -1 -1 -1 -1 -1 -1 -1 -1 100 -1 -1 -1 -1 -1 -1 -1 -1 -1 100 100 100 -1 -1 100 -1 -1 -1 -1 -1 -1 -1 100 100 -1 -1 -1 100 100 100 -1 -1 -1 -1 -1 -1 100 100 -1 -1 100 -1 100 -1 -1 100 -1 100 100 -1 -1 -1 -1 100 -1 100 100 -1 -1 100 100 100 100 100 100 100 100 100
HEAT 0.0 0.0 0.0 0.0 0.0 0.0 0.021155044436454773 0.021155044436454773 0.021155044436454773 0.0 0.0 0.0 0.0 0.0 0.0 0.021155044436454773 0.021155044436454773 0.021155044436454773 0.0 0.0 0.0 0.0 0.07509445399045944 0.0625462532043457 0.021155044436454773 0.021155044436454773 0.021155044436454773 0.0 0.0 0.0 0.0 0.021155044436454773 0.0 0.021155044436454773 0.021155044436454773 0.021155044436454773 0.0 0.0 0.0 0.0 0.0 0.0 0.021155044436454773 0.021155044436454773 0.021155044436454773 0.021155044436454773 0.0 0.0 0.0 0.0 0.021155044436454773 0.0 0.0 0.0 0.0 0.021155044436454773 0.19801490008831024 0.12419966608285904 0.021155044436454773 0.0 0.022041985765099525 0.0 0.0 0.0 0.0 0.0 0.0 0.0 0.021980691701173782 0.06945818662643433 0.0 0.0 0.0 0.03059791401028633 4.08826454076916e-05 0.021155044436454773 0.0 0.0 0.021155044436454773 0.0 0.0 0.0 0.021155044436454773 0.12847350537776947 0.0 0.021155044436454773 0.0 0.0 0.021155044436454773 4.08826454076916e-05 0.0 0.0 0.0 0.021155044436454773 0.021155044436454773 0.0 0.0 0.0 0.0 0.021155044436454773 0.0 0.19095176458358765 0.017954785376787186 0.021155044436454773 0.0 0.17513424158096313 0.2479555606842041 0.19482283294200897 0.18385577201843262 1.3598730564117432 0.20686094462871552 0.15149497985839844 0.18874591588974 0.16658943891525269
NRT 25
RTCELLS 0 3 0 0 3 4 0 3 7 0 15 0 0 15 4 0 15 7 0 27 0 0 27 4 0 27 7 9 3 0 9 3 4 9 3 7 9 15 0 9 15 4 9 15 7 9 27 0 9 27 4 9 27 7 18 3 0 18 3 4 18 3 7 18 15 0 18 15 4 18 15 7 18 27 0
I2F -6.897319544320111 -3.0364649664809313 0.2731507432516117 -6.897319544320111 -3.0364649664809313 1.6539958035447513 -6.897319544320111 -3.0364649664809313 2.689629598764606 -6.897319544320111 1.1060702143984873 0.2731507432516117 -6.897319544320111 1.1060702143984873 1.6539958035447513 -6.897319544320111 1.1060702143984873 2.689629598764606 -6.897319544320111 5.248605395277905 0.2731507432516117 -6.897319544320111 5.248605395277905 1.6539958035447513 -6.897319544320111 5.248605395277905 2.689629598764606 -3.7904181586605477 -3.0364649664809313 0.2731507432516117 -3.7904181586605477 -3.0364649664809313 1.6539958035447513 -3.7904181586605477 -3.0364649664809313 2.689629598764606 -3.7904181586605477 1.1060702143984873 0.2731507432516117 -3.7904181586605477 1.1060702143984873 1.6539958035447513 -3.7904181586605477 1.1060702143984873 2.689629598764606 -3.7904181586605477 5.248605395277905 0.2731507432516117 -3.7904181586605477 5.248605395277905 1.6539958035447513 -3.7904181586605477 5.248605395277905 2.689629598764606 -0.6835167730009832 -3.0364649664809313 0.2731507432516117 -0.6835167730009832 -3.0364649664809313 1.6539958035447513 -0.6835167730009832 -3.0364649664809313 2.689629598764606 -0.6835167730009832 1.1060702143984873 0.2731507432516117 -0.6835167730009832 1.1060702143984873 1.6539958035447513 -0.6835167730009832 1.1060702143984873 2.689629598764606 -0.6835167730009832 5.248605395277905 0.2731507432516117
NF2I 26
RTPOINTS -4.139336997415937 -0.38307020888214005 3.3395408812495324 -7.008328218043369 -0.07115147817597833 2.239807692179478 -7.06566547206626 -4.243532372104225 4.148059072089933 -4.841279147791681 -2.4074322184067896 5.912647392633583 -1.8026703113655937 -1.714867444805444 1.067229027276044 -3.107841537673569 -1.860945593461122 4.024231571514227 -4.553230565849888 -0.7090293670539274 3.4283785657198873 -3.4766415809679456 -2.453991951570739 5.665658033895574 -7.310391110590219 -1.4363445069864325 3.6741783749611647 -3.5062385276755332 -1.1276248167454446 1.3434055878506117 -3.094337387729478 -1.2100601114847325 -0.16394607617310608 -6.564596237976573 -1.591649783275912 4.270967244161112 -2.7409570082915633 -0.8773575943694678 5.273368493562215 -2.0598324520529347 -0.27453325246818094 4.7603359671986425 -1.912615421725329 -2.9761112429122374 1.1053937010584391 -2.9354607416082814 -0.09801962827374311 3.7795554528089967 -2.602767012112272 -0.41969850402316267 4.338268084695144 -6.427354818163657 -2.09698229554043 2.575550957048735 -5.744115433022857 0.6613893758247142 3.9926900955927893 -6.03001639897474 -0.08893921237777747 2.8501375751983726 -5.500068499394765 -2.9448590763015288 -0.19923410283148824 -2.829672224283514 -2.229246935688063 3.7744476764240655 -2.534165718130086 -0.08521085549528529 1.4304561401954248 -2.959394278498191 -0.8027615573469893 4.824160900997553 -4.7209657436134025 -3.2179630280603013 3.249795095765707 -0.505560474822064 -0.5304477245317968 1.9776569427765451
F2I 8 11 9 0 12 6 0 0 11 6 5 16 15 7 2 11 6 11 7 10 9 10 5 16 -1 8 10 10 9 3 11 8 -1 1 7 12 12 9 14 14 11 13 14 3 2 11 12 10 12 11 12 1 6 7 3 14 11 3 12 7 4 3 -1 12 5 10 13 12 3 11 9 13 6 2 9 19 10 5
END
CASE
RES 0.1946497482003389
PARAMS 30.0 16.0 8.0 0.6060399949645838 -0.5584686023081946 1.4461118173675969 0.0 3.0 0.3076099531508891 3.525298931273258
NOBST 3
OBSTPOS -0.5731113855496878 -0.5672205664978566 1.0971563018472617 0.9850648453119077 -0.7017773031361181 1.3126504606253486 -0.052136880868986824 0.8707931449523729 1.2991251608069367
OBSTBBOX 0.23027913374909603 0.3244860746234869 0.3284954986736792 0.13834544176156516 0.3770603174126894 0.45319731069096547 0.2509833673834013 0.3194771985151099 0.17882551700518645
NCLOUD 74
CLOUD -0.023918552960579653 0.7658135093878888 0.2040368127971091 -1.8006061971119585 -0.6704902306490705 1.5867627760808214 1.398354278566131 0.32696667382203426 1.8072924722304067 -0.1165228783096861 -0.9098688993619932 1.423986002111437 0.3956105689071867 0.09488818596714044 0.9900928696223847 -1.352095802455883 -1.8449705162621308 0.3718357213141802 0.8621093467636536 -0.9363260050157263 0.6928731046171321 -0.25140632665966045 0.6022899979213809 2.782560460016994 1.2935612154136584 -0.7384764598307281 2.4698901875261363 1.4593230305547369 1.1110383969782376 1.9252835600418408 0.3125543899224117 -0.5294067426149094 0.8898117330331167 -0.26178365827138483 1.1259778918844345 2.0086606711962856 0.5251647628135561 -1.6125332793156968 0.41121816950376033 -1.1324991840075427 -1.4988243834598833 1.226504571434396 0.2850224049233212 1.7597315881942048 0.9579546811880948 0.02649410027479915 0.14733889846973458 1.8034493259942848 1.3948338191235945 1.9514194161927017 1.6581664494020567 1.4867259081056927 0.5985519307906828 2.5847468055219562 0.17268572373371116 1.0080993695315081 1.4298492092734134 1.9406970860521562 0.5505143862217441 1.2520730875390589 -0.8128831984679503 0.5241052225211225 1.9781555619332833 0.7519911726463602 -0.6622393660791932 1.5686819997652168 -1.0882942509912108 0.9918795897232773 2.1869246084785954 -0.08232843128743328 0.5122355690337832 2.35822898802833 -0.06649266634895179 0.9962875900502675 0.6498554421042856 -1.9591075764439463 0.8884820715179362 0.10552466285433115 -0.34602419679348717 -1.9832254857558134 1.2850482276769084 -1.163518397340535 1.8995743744051445 1.9567318354376197 1.7418306311925482 0.16450137336844683 1.9448867575095432 0.8890741661333541 -1.826387942345813 0.9483181404537522 1.3713207034349777 0.8727746260124247 1.6864610387065992 0.835351994663351 -0.0882655977700777 1.8474381030018234 -0.16007555767141612 0.9654734801146376 0.3746122066464963 -1.0544674099385314 -1.7179578242538565 1.2949596551741929 -1.4573291959988164 -1.7242773352951595 2.491681856965456 0.6087278598328072 -1.0042863280260423 0.7155974170705827 -1.7892594985347379 1.1879973165393256 0.8472859206859947 0.6894620037599766 1.5678072355002373 1.0240062380303339 1.7033325562455968 0.8408692025641096 0.663020074862286 -0.8912708998923211 -0.10994587995293337 1.971971985150224 -0.3261537214675774 -1.279699933027719 1.7441531543959803 0.5273508292171569 1.234046535684576 0.7828141734933919 -1.2676583014094756 1.1680291931816256 0.8532546370352119 -0.29479761502869817 0.4807394646394467 0.5619286755234205 1.9288938457198253 -1.9913752109381013 1.4996047288504293 1.8496842111128586 0.9338680993828001 1.2451046916066162 -1.4329640134823176 -0.2176059559947392 2.2734486273596834 1.3316053368594765 -0.9496440708737213 2.56062550786572 -1.1908348428891773 0.08941022377098529 2.4461745668446397 0.9351613026417698 -0.06387787749174478 0.5696682634616301 0.729828509309951 0.0019598202969852707 2.337099034657324 0.020820557950808727 1.250107137683035 1.5859539461835341 -0.6184258664468518 0.40512985676791 0.9520429516134525 -0.058456058024892954 -0.32441949859168684 1.1681493325029175 -0.11705611793448067 -1.6653712252979465 2.001354840359202 -0.3771577227394123 -1.7003585837547686 2.5513105893824664 1.0166398028253107 1.7233937266926347 0.21397185439156824 0.5656515175182943 1.8300881763974002 2.7169303506852063 -1.5138739847536837 -0.22815477520998728 1.4940072253095245 1.572443955293203 0.5168242029154602 0.8170245035728858 -0.23461895986244707 1.0152758844104146 0.8683008666573067 -0.5631060386407638 1.9581861545685975 0.5846446108340064 -1.9660607401822694 0.484455090901454 2.156770048425432 -0.08315089866930503 -1.7051504870842336 1.7575302304762697 1.575138756595197 1.8623892931649726 2.318761838896097 0.9763530758464634 1.7787153291581288 2.3609391232252404 -0.008547254428432627 -0.02929990105272262 0.14259713280971212 -0.8876571961318307 0.36502339975769704 0.22360276903019083 1.3496007390153792 -1.8605282043129723 2.297059026926509 -0.5927166863099504 0.595610676610673 2.5252056423683684 -1.5407875616918933 0.09220803157077206 0.16145208204440636 -0.9781981106964253 -0.5453698985216007 0.5039836040390883 -1.3267574897492822 -1.0795230144354262 0.8491676341547879 -0.28769409989058126 -0.2425377071756949 1.5098274686633293
KBOOL 1 1 1 1 1 1 0 0 1
KINT 1 1 12 1
KFLOAT 0.28466842789761004 1.1256674981829258 0.5 0.04722601682516906 3.5295249384548555 0.1 0.7766811882813756 0.5806511260743021 1.495129707675992 3.028452934187795 0.604749410086779 0.9311276081513451 5.0
PREDTIMES 0
PREDSAMP -1
DIM 38 24 8
ORIGIN -3.0923052208418556 -2.8942655807122613 0.6675128245662413
NCELL 130
CELLS 0 2 0 0 2 4 0 2 7 0 12 0 0 12 4 0 12 7 0 21 0 0 21 4 0 21 7 9 2 0 9 2 4 9 2 7 9 12 0 9 12 4 9 12 7 9 21 0 9 21 4 9 21 7 19 2 0 19 2 4 19 2 7 19 12 0 19 12 4 19 12 7 19 21 0 19 21 4 19 21 7 28 2 0 28 2 4 28 2 7 28 12 0 28 12 4 28 12 7 28 21 0 28 21 4 28 21 7 37 2 0 37 2 4 37 2 7 37 12 0 37 12 4 37 12 7 37 21 0 37 21 4 37 21 7 27 10 2 7 13 2 36 16 6 2 3 5 22 1 2 14 23 4 29 11 6 18 15 0 21 17 2 14 3 3 10 18 0 28 19 4 25 1 1 32 4 2 5 8 7 15 19 0 11 14 1 0 23 1 33 9 0 2 20 3 20 10 7 21 6 1 27 8 4 18 6 0 31 12 3 1 7 5 34 10 2 29 5 1 21 20 7 37 12 2 12 6 7 20 18 6 27 15 0 19 6 3 3 2 4 29 20 7 4 8 0 11 22 4 11 23 3 4 21 3 10 6 0 7 11 1 7 3 3 2 8 5 4 8 3 29 5 6 8 6 2 4 4 2 37 17 6 20 17 0 34 23 2 20 6 0 35 5 5 23 0 1 36 10 5 26 23 0 25 23 3 26 2 0 10 9 2 10 11 2 10 13 2 12 9 2 12 11 2 12 13 2 14 9 2 14 11 2 14 13 2 18 9 3 18 11 3 18 13 3 20 9 3 20 11 3 20 13 3 22 9 3 22 11 3 22 13 3 13 17 3 13 19 3 13 21 3 15 17 3 15 19 3 15 21 3 17 17 3 17 19 3 17 21 3
OCC -1 -1 -1 -1 -1 -1 -1 -1 -1 100 100 100 100 100 100 100 100 100 100 100 100 100 100 100 100 100 100 100 100 100 100 100 100 100 100 100 -1 -1 -1 -1 -1 -1 -1 -1 -1 100 100 -1 100 100 100 100 100 100 100 100 100 100 -1 100 100 100 100 -1 100 100 100 100 100 100 100 -1 100 100 -1 100 100 100 100 100 100 100 100 100 100 100 100 100 100 100 100 100 100 -1 100 100 100 -1 100 -1 100 100 100 100 100 100 100 100 100 100 100 100 100 100 100 100 100 100 100 100 100 100 100 100 100 100 100 100 100 100
HEAT 0.0 0.0 0.0 0.0 0.0 0.0 0.0 0.0 0.0 1.1825767755508423 0.8700239062309265 1.1825767755508423 1.1825767755508423 0.5574710369110107 1.1825767755508423 1.1825767755508423 0.8700239062309265 1.1825767755508423 1.1825767755508423 0.8700239062309265 1.1825767755508423 1.1825767755508423 1.0657309293746948 1.1825767755508423 1.1825767755508423 0.8700239062309265 1.1825767755508423 1.1825767755508423 0.8700239062309265 1.1825767755508423 1.1825767755508423 0.5574710369110107 1.1825767755508423 1.1825767755508423 0.8700239062309265 1.1825767755508423 0.0 0.0 0.0 0.0 0.0 0.0 0.0 0.0 0.0 0.8700239062309265 0.8700239062309265 0.0 1.1825767755508423 1.1825767755508423 1.1825767755508423 1.1825767755508423 1.1825767755508423 0.8700239062309265 0.5574710369110107 1.1825767755508423 0.5574710369110107 1.1825767755508423 0.0 1.1825767755508423 1.1825767755508423 1.1825767755508423 1.1825767755508423 0.0 1.1825767755508423 1.1825767755508423 1.1825767755508423 0.5574710369110107 1.1825767755508423 1.1825767755508423 1.1825767755508423 0.0 1.1825767755508423 1.1825767755508423 0.0 1.1825767755508423 1.1825767755508423 1.1825767755508423 0.5574710369110107 0.8700239062309265 1.1825767755508423 1.1825767755508423 1.1825767755508423 1.1825767755508423 0.8700239062309265 1.1825767755508423 1.1825767755508423 0.5574710369110107 1.1825767755508423 0.5574710369110107 1.1825767755508423 0.8700239062309265 0.8700239062309265 0.0 1.1825767755508423 1.1825767755508423 1.1825767755508423 0.0 1.1825767755508423 0.0 1.1825767755508423 1.1825767755508423 1.1825767755508423 0.8700239062309265 0.8700239062309265 0.8700239062309265 0.9122511148452759 1.410335898399353 1.1917994022369385 0.8700239062309265 1.1135202646255493 1.0417470932006836 0.7244594097137451 0.769220232963562 0.6606834530830383 1.165000081062317 1.3821871280670166 1.0207953453063965 0.9697937369346619 1.0433480739593506 0.8758926391601562 0.8592846989631653 0.9575046300888062 0.8700239062309265 1.096327543258667 1.410335898399353 0.9996978044509888 0.917445182800293 1.0304148197174072 0.8700239062309265
NRT 25
RTCELLS 0 2 0 0 2 4 0 2 7 0 12 0 0 12 4 0 12 7 0 21 0 0 21 4 0 21 7 9 2 0 9 2 4 9 2 7 9 12 0 9 12 4 9 12 7 9 21 0 9 21 4 9 21 7 19 2 0 19 2 4 19 2 7 19 12 0 19 12 4 19 12 7 19 21 0
I2F -2.994980346741686 -2.407641210211414 0.7648376986664107 -2.994980346741686 -2.407641210211414 1.5434366914677664 -2.994980346741686 -2.407641210211414 2.127385936068783 -2.994980346741686 -0.46114372820802485 0.7648376986664107 -2.994980346741686 -0.46114372820802485 1.5434366914677664 -2.994980346741686 -0.46114372820802485 2.127385936068783 -2.994980346741686 1.2907040055950247 0.7648376986664107 -2.994980346741686 1.2907040055950247 1.5434366914677664 -2.994980346741686 1.2907040055950247 2.127385936068783 -1.243132612938636 -2.407641210211414 0.7648376986664107 -1.243132612938636 -2.407641210211414 1.5434366914677664 -1.243132612938636 -2.407641210211414 2.127385936068783 -1.243132612938636 -0.46114372820802485 0.7648376986664107 -1.243132612938636 -0.46114372820802485 1.5434366914677664 -1.243132612938636 -0.46114372820802485 2.127385936068783 -1.243132612938636 1.2907040055950247 0.7648376986664107 -1.243132612938636 1.2907040055950247 1.5434366914677664 -1.243132612938636 1.2907040055950247 2.127385936068783 0.7033648690647527 -2.407641210211414 0.7648376986664107 0.7033648690647527 -2.407641210211414 1.5434366914677664 0.7033648690647527 -2.407641210211414 2.127385936068783 0.7033648690647527 -0.46114372820802485 0.7648376986664107 0.7033648690647527 -0.46114372820802485 1.5434366914677664 0.7033648690647527 -0.46114372820802485 2.127385936068783 0.7033648690647527 1.2907040055950247 0.7648376986664107
NF2I 28
RTPOINTS 0.18425338439524364 -0.9219245636548039 4.420183361286743 -0.6265837356491977 -2.5081362572602393 2.2050685703355266 -2.993134569020131 0.7569146528849946 1.948193493829442 0.7219167344715105 -2.7396407170557198 1.8672086681130975 0.5182834088042156 -0.23301043175193215 5.017703539124583 1.5674693713218244 1.724865655336588 4.0544529773944475 1.5452529585096428 -1.0134880022860275 1.0597357605266682 -1.8696024056146712 0.15716062980694812 2.804163388293949 1.1531428603949534 -3.4307518341807848 5.581601434102263 -2.3125856747866838 -2.283833373659104 1.79663671533782 2.3717239254200155 -0.7116011012385584 1.5879316976566744 -2.121782225980236 -2.038582459433938 1.1280181876087436 0.9221431739730996 0.8841671101035375 3.6941865569031305 -0.6558175069010233 0.03716225543870344 0.25061292856493966 0.7101259328314686 -0.2446856662347252 2.584223852170806 -1.452005512349978 0.7190974740121465 6.258041452420849 2.1397618754428827 -1.9810523588396731 2.0822795001974153 -1.12421290794215 -1.6818375163661945 5.054500214183397 -1.6331877487084185 1.2353189849392443 1.6307933147791718 1.3030651324956288 -1.8559867051426056 5.368366305771811 -1.6607989502945892 -0.5570496195676817 2.2128845023616783 0.1487496529239669 -2.66348355581436 1.7597148882455818 1.409212525154977 0.07584841060583525 5.6005184674575315 -0.9942769278545942 -0.03354107278495855 2.633810977113811 -1.574718717768156 -3.4890346815977407 2.453004075658649 -0.5731113855496878 -0.5672205664978566 1.0971563018472617 0.9850648453119077 -0.7017773031361181 1.3126504606253486 -0.052136880868986824 0.8707931449523729 1.2991251608069367
F2I 16 10 19 12 1 7 0 18 6 19 0 6 18 13 22 23 23 17 23 9 2 6 15 10 21 -3 25 4 3 5 28 11 4 4 4 2 20 19 15 12 15 -3 19 13 9 8 18 28 26 4 7 10 6 22 7 21 4 22 5 24 7 12 7 16 1 5 23 15 25 10 14 10 7 -4 9 12 11 2 20 11 3 15 19 3
END
CASE
RES 0.25578044152597296
PARAMS 17.0 25.0 7.0 0.7794785013155294 0.3481327770956908 1.0356619128443034 0.0 3.0 0.2543577345170539 1.6512298260897929
NOBST 2
OBSTPOS -0.3226604275039363 0.8736816764282784 1.4787653583550409 0.9350868985869083 0.7473293505054968 1.7356546197083056
OBSTBBOX 0.21512426754280467 0.3027451980327984 0.34459992480149615 0.2936049243492034 0.2013530513906725 0.3481324152043169
NCLOUD 41
CLOUD 0.39445765193503757 -1.6430498936308666 0.402862148993527 -0.2337779996266134 0.05164221447871009 1.7851609211054211 -1.5781500389276677 1.6474710093317984 2.6199286190142743 1.0973671736767172 1.852770806241236 1.4094253345883168 -0.8639820707568173 1.493884777689245 2.396546045325687 -1.0608979868926416 -1.7471732622541496 2.623552901300622 1.6086778610353614 1.9654288814531786 0.39782843833997417 0.1319264217844247 0.3218653749798168 0.7182538687905229 -0.24611166902971382 -1.0257257778778217 0.16841198008156974 0.07959922928816532 -1.6306600473969652 1.638811481125573 1.1360460247037505 0.8381176450310219 0.7288522760275589 0.9918993305003383 -1.2987546076927985 0.738405494608671 -0.3102120524321932 -0.38151247861601556 2.7512312273661537 0.3518995186055447 -1.0629441299690248 1.4591033454742062 0.05853342064940392 1.0678845974367697 1.0185016885399527 1.5874213832483521 1.1919898071627721 1.1694040944925161 -1.3780898643356139 0.0479029829386719 1.5188742860512354 0.2203944751068776 -1.617727332498819 1.2843287287384453 0.5822034492107173 0.7817727594384469 2.303705098878964 -1.227499144145877 -0.2530603646622138 2.639065284748513 -0.08857245208901876 1.6508677677761407 0.6455500766436768 -0.03728507295545258 0.6103422702427439 2.1049554528811254 -0.13904210752366808 1.4916102196627605 2.4456159942469378 0.6766138582340724 -1.2656839576524197 0.9272479389167155 -0.28988806285060775 1.421575491191668 1.5116654855727503 -1.9119838107838225 1.6048182363569676 2.0154515018639674 1.272905196448967 0.052881465247731185 1.1395401266694682 0.22722570277971954 -0.01404109871159509 0.7390197979641924 0.8527655353961778 0.48710652634950646 1.664284144918941 0.18434923038238527 1.5525038023224824 1.3884295957894661 -0.07324643023630584 -1.2900583695420962 1.9962857403151277 -0.756030976519519 1.6964498583302903 1.6253637399918601 -1.585518814510332 0.10574219701954046 0.4201388102386089 0.35434635971085315 -1.1104854933174737 0.8382935254095668 -1.3478578379023927 0.25168995882804257 1.1169799114828332 0.6355384786927756 0.3823990819598242 0.32315844281865774 -0.0749854905580416 -1.9190060947398262 0.21025300071112402 0.5503140812468188 -0.5674595302983572 1.7794308596652175 0.6797343651831227 -0.4335272544153512 2.529213795774239 0.3316407784810562 -1.2367107159024173 1.6922133364074083 1.2672706201749473 -1.9382604463128934 0.22453489448285957
KBOOL 1 1 1 0 1 0 0 0 1
KINT 1 2 8 2
KFLOAT 0.15542840421825901 0.9283631731902544 0.5 0.007554923602832875 3.4144653229834887 0.1 0.5108019149473859 0.7199921666556841 1.4975653158317992 7.473307184381659 0.7750960182946881 0.4338318616792305 5.0
PREDTIMES 0
PREDSAMP -1
DIM 22 30 6
ORIGIN -2.034106355470173 -3.488573845793904 0.2683205882663846
NCELL 120
CELLS 0 3 0 0 3 3 0 3 5 0 15 0 0 15 3 0 15 5 0 27 0 0 27 3 0 27 5 5 3 0 5 3 3 5 3 5 5 15 0 5 15 3 5 15 5 5 27 0 5 27 3 5 27 5 11 3 0 11 3 3 11 3 5 11 15 0 11 15 3 11 15 5 11 27 0 11 27 3 11 27 5 16 3 0 16 3 3 16 3 5 16 15 0 16 15 3 16 15 5 16 27 0 16 27 3 16 27 5 21 3 0 21 3 3 21 3 5 21 15 0 21 15 3 21 15 5 21 27 0 21 27 3 21 27 5 4 11 1 5 11 2 19 25 1 13 13 2 9 3 3 19 20 2 11 0 3 15 1 3 9 12 2 11 12 5 12 5 2 16 11 3 16 22 0 20 20 2 4 15 3 18 14 0 19 4 3 18 14 4 0 27 4 1 17 3 2 16 0 13 10 0 14 12 4 3 24 2 13 6 1 4 4 5 9 2 1 5 18 4 11 11 2 17 17 4 11 16 2 6 29 2 21 1 4 20 18 3 17 21 0 4 21 5 21 19 4 5 22 1 20 12 2 10 7 0 19 15 1 14 11 2 12 2 3 4 2 0 20 23 5 20 2 0 12 10 1 10 4 0 8 28 2 1 20 3 9 6 0 16 23 5 9 12 4 21 8 5 2 28 5 10 9 1 9 19 2 4 15 4 4 17 4 4 19 4 6 15 4 6 17 4 6 19 4 8 15 4 8 17 4 8 19 4 9 14 5 9 16 5 9 18 5 11 14 5 11 16 5 11 18 5 13 14 5 13 16 5 13 18 5
OCC -1 -1 -1 -1 -1 -1 -1 -1 -1 -1 -1 -1 -1 100 100 -1 -1 -1 -1 -1 -1 -1 -1 100 -1 -1 -1 -1 -1 -1 -1 -1 -1 -1 -1 -1 -1 -1 -1 -1 -1 -1 -1 -1 -1 -1 -1 -1 -1 -1 -1 100 -1 -1 -1 -1 -1 -1 -1 -1 -1 -1 -1 -1 -1 -1 -1 -1 -1 -1 -1 -1 100 -1 -1 -1 100 -1 -1 -1 -1 -1 -1 -1 -1 -1 -1 -1 -1 -1 -1 -1 -1 -1 -1 -1 -1 -1 -1 -1 -1 -1 -1 -1 -1 100 100 100 100 100 100 -1 -1 -1 -1 100 -1 -1 100 -1
HEAT 0.0 0.0 0.0 0.0 0.0 0.0 0.0 0.0 0.0 0.0 0.0 0.0 0.04542491212487221 0.2522515058517456 0.2538342773914337 0.0 0.0 0.0 0.0 0.0 0.0 0.021112747490406036 0.12754182517528534 0.5476977229118347 0.0 0.0 0.0 0.0 0.0 0.0 0.0 0.020148620009422302 0.027991319075226784 0.0 0.0 0.0 0.0 0.0 0.0 0.0 0.0 0.0 0.0 0.0 0.0 0.0 0.0018393504433333874 0.0 0.0410216748714447 0.0 0.0 0.2522515058517456 0.0 0.017572825774550438 0.04846295341849327 0.0 0.0 0.0 0.0 0.09434373676776886 0.0 0.0 0.0 0.0 0.015143358148634434 0.003998258616775274 0.0 0.02785414643585682 0.0 0.0 0.0 0.0 0.2889046370983124 0.0002127910265699029 0.0 0.08086768537759781 0.2522515058517456 0.0 0.0 0.0 0.0315377302467823 0.0 0.0 0.0 0.0 0.0 0.0 0.0 0.0 0.0 0.0 0.0 0.0 0.0 0.0 0.0 0.0 0.03834707662463188 0.0 0.0 0.0 0.05608396232128143 0.09659156948328018 0.11565674096345901 0.08056353777647018 0.3762580454349518 1.0837916135787964 0.2522515058517456 0.2522515058517456 0.2522515058517456 0.2522515058517456 0.08933843672275543 0.1604866236448288 0.09189863502979279 0.13214123249053955 1.0837916135787964 0.15776096284389496 0.09344501048326492 0.2522515058517456 0.09618886560201645
NRT 25
RTCELLS 0 3 0 0 3 3 0 3 5 0 15 0 0 15 3 0 15 5 0 27 0 0 27 3 0 27 5 5 3 0 5 3 3 5 3 5 5 15 0 5 15 3 5 15 5 5 27 0 5 27 3 5 27 5 11 3 0 11 3 3 11 3 5 11 15 0 11 15 3 11 15 5 11 27 0
I2F -1.9062161347071864 -2.5933423004529987 0.3962108090293711 -1.9062161347071864 -2.5933423004529987 1.1635521336072898 -1.9062161347071864 -2.5933423004529987 1.6751130166592358 -1.9062161347071864 0.47602299785867697 0.3962108090293711 -1.9062161347071864 0.47602299785867697 1.1635521336072898 -1.9062161347071864 0.47602299785867697 1.6751130166592358 -1.9062161347071864 3.5453882961703522 0.3962108090293711 -1.9062161347071864 3.5453882961703522 1.1635521336072898 -1.9062161347071864 3.5453882961703522 1.6751130166592358 -0.6273139270773216 -2.5933423004529987 0.3962108090293711 -0.6273139270773216 -2.5933423004529987 1.1635521336072898 -0.6273139270773216 -2.5933423004529987 1.6751130166592358 -0.6273139270773216 0.47602299785867697 0.3962108090293711 -0.6273139270773216 0.47602299785867697 1.1635521336072898 -0.6273139270773216 0.47602299785867697 1.6751130166592358 -0.6273139270773216 3.5453882961703522 0.3962108090293711 -0.6273139270773216 3.5453882961703522 1.1635521336072898 -0.6273139270773216 3.5453882961703522 1.6751130166592358 0.907368722078516 -2.5933423004529987 0.3962108090293711 0.907368722078516 -2.5933423004529987 1.1635521336072898 0.907368722078516 -2.5933423004529987 1.6751130166592358 0.907368722078516 0.47602299785867697 0.3962108090293711 0.907368722078516 0.47602299785867697 1.1635521336072898 0.907368722078516 0.47602299785867697 1.6751130166592358 0.907368722078516 3.5453882961703522 0.3962108090293711
NF2I 27
RTPOINTS -2.711956673406167 0.6878435703739219 0.8160391192931018 -0.9112462193693975 -0.3557720870454233 1.7455687438843617 -1.8011862236881377 0.17010852679135624 1.5549928141137233 3.2997732807604194 -1.4896694995191586 1.1445125176952569 1.5445367358507416 -2.3124967787124477 1.2568495367512103 -1.6989633526260017 0.056085247102939384 1.5785161332986295 1.7903201268018356 -0.45169234971377215 4.416377004017913 1.4954547077528977 1.2818089450743089 4.0123571965397655 -1.9361812640028555 1.0991194099733113 2.0977069987014807 3.130159137468084 -1.5780342553225033 0.9129100770281147 -2.3189737448621264 1.904931057127278 2.6980410835886124 0.280066045086969 -1.753707969351082 1.5846165793616038 -1.6783863762921956 -1.0541504470195253 5.4368499029486 -0.15231497393738036 0.4279439994850023 3.420033289963345 -0.9286532916995842 1.585794364095447 1.2447360256072755 -2.641355424518917 -1.174302574609945 2.3955025775624064 -1.4055075882905417 -2.319302461933868 2.571446976116163 1.2743657971630438 1.6214332976110652 3.8767965679266205 -2.0749742061913623 -1.4063792732329667 0.6694959347807767 0.36786878756085795 -3.2165839710293196 3.5073663625863976 0.3226200527725265 1.4223274303282372 3.7973383272509738 1.143483205164137 2.2331844324667554 0.1396665301383223 2.1324378311310412 0.7396845223533779 5.639380619922838 1.1593298937402525 -0.4188764556924758 0.6537911244161498 -1.006974117939135 -0.8839142975038237 4.124819041182956 -0.3226604275039363 0.8736816764282784 1.4787653583550409 0.9350868985869083 0.7473293505054968 1.7356546197083056
F2I -3 16 2 4 12 5 0 14 5 20 7 3 13 4 3 1 13 5 14 11 16 13 18 14 0 17 7 20 7 2 -2 21 9 9 6 5 1 9 20 7 15 12 4 19 3 -3 9 8 2 4 9 12 19 14 -1 8 1 9 1 12 9 19 13 12 22 -1 16 16 20 12 12 1 4 10 15 6 17 4 11 16 5
END
CASE
RES 0.30682518090190014
PARAMS 20.0 21.0 15.0 -0.5571766061634953 0.7566956962033209 1.7536645826991424 0.0 3.0 0.2924996375317506 3.5094412723639756
NOBST 3
OBSTPOS -0.8690838650407817 0.2079577391894396 1.655880943177813 -1.1477266162615274 -0.06436466915019379 1.9058355111992114 -0.618893267241835 0.5698995519383803 1.4120068630083942
OBSTBBOX 0.3968103227158495 0.41888406662226074 0.39586159731971693 0.1342746149788789 0.12784801960425712 0.35675115914872657 0.44510610733003764 0.10210484572383033 0.13384050127714187
NCLOUD 11
CLOUD 1.6624262584720428 -0.896700098342412 2.2216788311764772 -1.5356376009773718 1.0780885463190417 0.4515764384982951 0.8587325130809527 0.9861303720896348 0.3669448631639908 1.058603090352086 0.055531004647618065 0.3705625745941198 1.7024336831505313 -1.3808168848155726 0.30670023096280397 -0.44867833490482756 1.1614020045456184 0.2400580032536876 0.44984377824519717 -1.3506557489311528 1.4711408912349442 -1.13145935389023 -1.8978537567060934 2.396357786747406 0.02128832115298085 1.3692412304249886 2.367502451118532 -1.6159122099447187 -0.44690065107629184 1.695888662145894 0.5740689115189017 0.015183788563636114 2.569504479245595
KBOOL 1 1 1 0 1 1 0 0 1
KINT 2 3 14 2
KFLOAT 0.49241573774857517 0.8458141144018545 0.5 0.13173443580192584 1.0517875020806775 0.1 0.4790480395331347 0.6550483890945709 0.862343272609273 3.5149872347132156 0.7390558490822934 0.5287527670479388 5.0
PREDTIMES 0
PREDSAMP -1
DIM 25 26 9
ORIGIN -4.392491367437247 -3.232031655521381 0.2195386781896418
NCELL 132
CELLS 0 2 0 0 2 4 0 2 8 0 13 0 0 13 4 0 13 8 0 23 0 0 23 4 0 23 8 6 2 0 6 2 4 6 2 8 6 13 0 6 13 4 6 13 8 6 23 0 6 23 4 6 23 8 12 2 0 12 2 4 12 2 8 12 13 0 12 13 4 12 13 8 12 23 0 12 23 4 12 23 8 18 2 0 18 2 4 18 2 8 18 13 0 18 13 4 18 13 8 18 23 0 18 23 4 18 23 8 24 2 0 24 2 4 24 2 8 24 13 0 24 13 4 24 13 8 24 23 0 24 23 4 24 23 8 23 2 6 15 4 1 14 21 6 11 18 0 21 18 2 0 10 7 20 19 3 18 10 2 8 24 3 5 24 2 19 16 2 21 22 1 24 19 4 19 0 2 0 15 7 17 8 8 7 14 5 20 20 0 16 0 1 23 7 1 1 1 4 14 21 1 19 5 4 8 5 1 14 24 3 7 11 5 22 7 5 14 9 1 0 15 1 12 1 0 12 13 6 20 20 3 18 0 7 1 10 4 23 25 7 14 2 0 20 16 5 21 19 5 12 9 8 14 5 5 5 2 4 14 2 8 23 25 3 13 16 0 23 0 7 20 15 3 3 11 6 10 13 7 16 14 8 16 22 0 11 7 7 10 0 7 12 2 3 4 23 2 11 3 0 24 1 5 23 17 5 10 2 1 6 14 0 14 23 4 9 9 4 9 11 4 9 13 4 11 9 4 11 11 4 11 13 4 13 9 4 13 11 4 13 13 4 8 8 5 8 10 5 8 12 5 10 8 5 10 10 5 10 12 5 12 8 5 12 10 5 12 12 5 10 10 3 10 12 3 10 14 3 12 10 3 12 12 3 12 14 3 14 10 3 14 12 3 14 14 3
OCC -1 -1 -1 -1 -1 -1 -1 -1 -1 -1 -1 -1 -1 -1 -1 -1 -1 -1 -1 -1 -1 -1 100 -1 -1 -1 -1 -1 -1 -1 -1 -1 -1 -1 -1 -1 -1 -1 -1 -1 -1 -1 -1 -1 -1 -1 -1 -1 -1 -1 -1 -1 -1 -1 -1 -1 -1 -1 100 -1 -1 -1 -1 100 -1 -1 -1 -1 -1 -1 -1 -1 -1 -1 -1 -1 -1 100 -1 100 -1 -1 -1 -1 -1 -1 -1 100 -1 100 -1 -1 -1 -1 -1 -1 100 -1 -1 -1 -1 -1 -1 -1 -1 100 100 -1 100 100 100 100 100 100 -1 -1 -1 -1 100 100 -1 100 100 100 100 -1 100 100 -1 -1 -1 -1
HEAT 0.0 0.0 0.0 0.0 0.0 0.0 0.0 0.0 0.0 0.0 0.0 0.0 0.04080745577812195 0.09288002550601959 0.05256408452987671 0.0 0.0 0.0 0.0 0.0005041985423304141 0.0 0.1759444773197174 0.43349432945251465 0.1558462679386139 0.0 0.0 0.0 0.0 0.0 0.0 0.024194134399294853 0.05110425129532814 0.009361566044390202 0.0 0.0 0.0 0.0 0.0 0.0 0.0 0.0 0.0 0.0 0.0 0.0 0.0 0.004920714534819126 0.0 0.016037102788686752 0.0 0.0 0.0 0.04057811200618744 0.0 0.0 0.0021798477973788977 0.0 0.0 0.15191388130187988 0.0 0.019234253093600273 0.11424628645181656 0.0 0.15191388130187988 0.0 0.0 0.0 0.0 0.03179119899868965 0.0 0.19324594736099243 0.0 0.1528436839580536 0.0 0.0 0.28337717056274414 0.0 0.15191388130187988 0.0 0.15191388130187988 0.0 0.0 0.0 0.19245271384716034 0.050303686410188675 0.0 0.0 0.15191388130187988 0.07178396731615067 0.15191388130187988 0.0002413941838312894 0.009756050072610378 0.21914595365524292 0.0381372794508934 0.0 0.18988609313964844 0.15191388130187988 0.00015272738528437912 0.0 0.0006928500952199101 0.0 0.0 0.0 0.029538562521338463 0.0 0.40532341599464417 0.3690309226512909 0.2765871584415436 0.43116745352745056 1.0517874956130981 0.4328221380710602 0.31751009821891785 0.45265495777130127 0.4086998403072357 0.23885567486286163 0.29904863238334656 0.24508526921272278 0.3274664580821991 1.0517874956130981 0.5472160577774048 0.27858930826187134 0.7837467193603516 0.5386312007904053 0.5962944030761719 0.47689175605773926 0.2641729712486267 0.5840372443199158 1.0517874956130981 0.2920220196247101 0.2593732178211212 0.34748420119285583 0.24392656981945038
NRT 25
RTCELLS 0 2 0 0 2 4 0 2 8 0 13 0 0 13 4 0 13 8 0 23 0 0 23 4 0 23 8 6 2 0 6 2 4 6 2 8 6 13 0 6 13 4 6 13 8 6 23 0 6 23 4 6 23 8 12 2 0 12 2 4 12 2 8 12 13 0 12 13 4 12 13 8 12 23 0
I2F -4.239078776986298 -2.4649687032666305 0.37295126864059186 -4.239078776986298 -2.4649687032666305 1.6002519922481924 -4.239078776986298 -2.4649687032666305 2.827552715855793 -4.239078776986298 0.9101082866542707 0.37295126864059186 -4.239078776986298 0.9101082866542707 1.6002519922481924 -4.239078776986298 0.9101082866542707 2.827552715855793 -4.239078776986298 3.9783600956732728 0.37295126864059186 -4.239078776986298 3.9783600956732728 1.6002519922481924 -4.239078776986298 3.9783600956732728 2.827552715855793 -2.3981276915748966 -2.4649687032666305 0.37295126864059186 -2.3981276915748966 -2.4649687032666305 1.6002519922481924 -2.3981276915748966 -2.4649687032666305 2.827552715855793 -2.3981276915748966 0.9101082866542707 0.37295126864059186 -2.3981276915748966 0.9101082866542707 1.6002519922481924 -2.3981276915748966 0.9101082866542707 2.827552715855793 -2.3981276915748966 3.9783600956732728 0.37295126864059186 -2.3981276915748966 3.9783600956732728 1.6002519922481924 -2.3981276915748966 3.9783600956732728 2.827552715855793 -0.5571766061634955 -2.4649687032666305 0.37295126864059186 -0.5571766061634955 -2.4649687032666305 1.6002519922481924 -0.5571766061634955 -2.4649687032666305 2.827552715855793 -0.5571766061634955 0.9101082866542707 0.37295126864059186 -0.5571766061634955 0.9101082866542707 1.6002519922481924 -0.5571766061634955 0.9101082866542707 2.827552715855793 -0.5571766061634955 3.9783600956732728 0.37295126864059186
NF2I 28
RTPOINTS -0.33117942627491104 -1.4871794859526282 2.387886599525897 0.49613600730405505 -2.4321853456386107 2.1842873042290245 -0.22819649473477766 1.5858060432787777 3.3089053410187184 -1.2810479554557537 -0.3511307025160937 2.0385659813165553 -1.0936700527992702 -1.9136848178411865 2.6507116455162127 -2.1090830563232283 -0.05812830725468077 0.8228167848956138 -3.5140094399389903 -0.8482258905799787 1.4493276182132793 0.5847954684884735 -1.4718522729408408 -0.03523949361051393 -3.8775191190302802 -2.9232230492410682 5.713398677509517 -2.7954912518728685 -3.3428405397155 0.4685330256643815 -2.4179367227470134 -0.9735917902961404 3.9116453729721945 -3.217274558588076 0.5684883491260289 5.049665237263608 -0.5781124371414208 -3.3570882313846404 2.5588020166793575 -4.34763981255206 -2.613302104610383 2.8002654390613877 -0.7074788104798233 -2.13379169789456 5.418003696511535 -2.8047339331143384 1.1938392963686062 2.129617698670402 0.01136428118544508 -1.7726982210673556 2.8893763887204607 -1.3433535889804924 -3.434911724772685 2.1037832363436744 -0.37839924273352477 -0.18310586933771367 0.9381305837232652 -4.0102313920855535 -0.6638931817342957 5.6113137095766765 -0.9489261797031796 -1.1909861835403228 2.106093270826668 0.5617840615791261 -0.3216458640140818 1.7820255995804268 -2.795497658598536 -0.6361013774980355 5.109435117597462 -0.2574076364227622 -0.8546176436285382 2.83197003464824 -3.9958215578771057 -1.942149299710473 4.747161017418139 -0.8690838650407817 0.2079577391894396 1.655880943177813 -1.1477266162615274 -0.06436466915019379 1.9058355111992114 -0.618893267241835 0.5698995519383803 1.4120068630083942
F2I 13 5 7 15 2 6 13 15 10 10 9 5 10 4 7 7 10 1 2 7 4 16 5 -1 1 1 17 5 -1 0 6 7 12 3 12 15 12 -1 7 0 2 8 12 3 16 5 14 6 14 4 8 9 -1 6 13 9 2 1 8 17 11 6 6 16 9 5 5 8 15 13 7 8 1 4 14 11 11 4 10 10 5 12 12 3
END
